timestamp,value
1279022400,-1.0
1279044000,-1.0
1279065600,-1.0
1279087200,-1.0
1279108800,-1.0
1279130400,-1.0
1279152000,-1.0
1279173600,-1.0
1279195200,-1.0
1279216800,-1.0
1279238400,-1.0
1279260000,-1.0
1279281600,-1.0
1279303200,-1.0
1279324800,-1.0
1279346400,-1.0
1279368000,-1.0
1279389600,-1.0
1279411200,-1.0
1279432800,-1.0
1279454400,-1.0
1279476000,-1.0
1279497600,-1.0
1279519200,-1.0
1279540800,-1.0
1279562400,-1.0
1279584000,-1.0
1279605600,-1.0
1279627200,-1.0
1279648800,-1.0
1279670400,-1.0
1279692000,-1.0
1279713600,-1.0
1279735200,-1.0
1279756800,-1.0
1279778400,-1.0
1279800000,-1.0
1279821600,-1.0
1279843200,-1.0
1279864800,-1.0
1279886400,-1.0
1279908000,-1.0
1279929600,-1.0
1279951200,-1.0
1279972800,-1.0
1279994400,-1.0
1280016000,-1.0
1280037600,-1.0
1280059200,-1.0
1280080800,-1.0
1280102400,-1.0
1280124000,-1.0
1280145600,-1.0
1280167200,-1.0
1280188800,-1.0
1280210400,-1.0
1280232000,-1.0
1280253600,-1.0
1280275200,-1.0
1280296800,-1.0
1280318400,-1.0
1280340000,-1.0
1280361600,-1.0
1280383200,-1.0
1280404800,-1.0
1280426400,-1.0
1280448000,-1.0
1280469600,-1.0
1280491200,-1.0
1280512800,-1.0
1280534400,-1.0
1280556000,-1.0
1280577600,-1.0
1280599200,-1.0
1280620800,-1.0
1280642400,-1.0
1280664000,-1.0
1280685600,-1.0
1280707200,-1.0
1280728800,-1.0
1280750400,-1.0
1280772000,-1.0
1280793600,-1.0
1280815200,-1.0
1280836800,-1.0
1280858400,-1.0
1280880000,-1.0
1280901600,-1.0
1280923200,-1.0
1280944800,-1.0
1280966400,-1.0
1280988000,-1.0
1281009600,-1.0
1281031200,-1.0
1281052800,-1.0
1281074400,-1.0
1281096000,-1.0
1281117600,-1.0
1281139200,-1.0
1281160800,-1.0
1281182400,-1.0
1281204000,-1.0
1281225600,-1.0
1281247200,-1.0
1281268800,-1.0
1281290400,-1.0
1281312000,-1.0
1281333600,-1.0
1281355200,-1.0
1281376800,-1.0
1281398400,-1.0
1281420000,-1.0
1281441600,-1.0
1281463200,-1.0
1281484800,-1.0
1281506400,-1.0
1281528000,-1.0
1281549600,-1.0
1281571200,-1.0
1281592800,-1.0
1281614400,-1.0
1281636000,-1.0
1281657600,-1.0
1281679200,-1.0
1281700800,-1.0
1281722400,-1.0
1281744000,-1.0
1281765600,-1.0
1281787200,-1.0
1281808800,-1.0
1281830400,-1.0
1281852000,-1.0
1281873600,-1.0
1281895200,-1.0
1281916800,-1.0
1281938400,-1.0
1281960000,-1.0
1281981600,-1.0
1282003200,-1.0
1282024800,-1.0
1282046400,-1.0
1282068000,-1.0
1282089600,-1.0
1282111200,-1.0
1282132800,-1.0
1282154400,-1.0
1282176000,-1.0
1282197600,-1.0
1282219200,-1.0
1282240800,-1.0
1282262400,-1.0
1282284000,-1.0
1282305600,-1.0
1282327200,-1.0
1282348800,-1.0
1282370400,-1.0
1282392000,-1.0
1282413600,-1.0
1282435200,-1.0
1282456800,-1.0
1282478400,-1.0
1282500000,-1.0
1282521600,-1.0
1282543200,-1.0
1282564800,-1.0
1282586400,-1.0
1282608000,-1.0
1282629600,-1.0
1282651200,-1.0
1282672800,-1.0
1282694400,-1.0
1282716000,-1.0
1282737600,-1.0
1282759200,-1.0
1282780800,-1.0
1282802400,-1.0
1282824000,-1.0
1282845600,-1.0
1282867200,-1.0
1282888800,-1.0
1282910400,-1.0
1282932000,-1.0
1282953600,-1.0
1282975200,-1.0
1282996800,-1.0
1283018400,-1.0
1283040000,-1.0
1283061600,-1.0
1283083200,-1.0
1283104800,-1.0
1283126400,-1.0
1283148000,-1.0
1283169600,-1.0
1283191200,-1.0
1283212800,-1.0
1283234400,-1.0
1283256000,-1.0
1283277600,-1.0
1283299200,-1.0
1283320800,-1.0
1283342400,-1.0
1283364000,-1.0
1283385600,-1.0
1283407200,-1.0
1283428800,-1.0
1283450400,-1.0
1283472000,-1.0
1283493600,-1.0
1283515200,-1.0
1283536800,-1.0
1283558400,-1.0
1283580000,-1.0
1283601600,-1.0
1283623200,-1.0
1283644800,-1.0
1283666400,-1.0
1283688000,-1.0
1283709600,-1.0
1283731200,-1.0
1283752800,-1.0
1283774400,-1.0
1283796000,-1.0
1283817600,-1.0
1283839200,-1.0
1283860800,-1.0
1283882400,-1.0
1283904000,-1.0
1283925600,-1.0
1283947200,-1.0
1283968800,-1.0
1283990400,-1.0
1284012000,-1.0
1284033600,-1.0
1284055200,-1.0
1284076800,-1.0
1284098400,-1.0
1284120000,-1.0
1284141600,-1.0
1284163200,-1.0
1284184800,-1.0
1284206400,-1.0
1284228000,-1.0
1284249600,-1.0
1284271200,-1.0
1284292800,-1.0
1284314400,-1.0
1284336000,-1.0
1284357600,-1.0
1284379200,-1.0
1284400800,-1.0
1284422400,-1.0
1284444000,-1.0
1284465600,-1.0
1284487200,-1.0
1284508800,-1.0
1284530400,-1.0
1284552000,-1.0
1284573600,-1.0
1284595200,-1.0
1284616800,-1.0
1284638400,-1.0
1284660000,-1.0
1284681600,-1.0
1284703200,-1.0
1284724800,-1.0
1284746400,-1.0
1284768000,-1.0
1284789600,-1.0
1284811200,-1.0
1284832800,-1.0
1284854400,-1.0
1284876000,-1.0
1284897600,-1.0
1284919200,-1.0
1284940800,-1.0
1284962400,-1.0
1284984000,-1.0
1285005600,-1.0
1285027200,-1.0
1285048800,-1.0
1285070400,-1.0
1285092000,-1.0
1285113600,-1.0
1285135200,-1.0
1285156800,-1.0
1285178400,-1.0
1285200000,-1.0
1285221600,-1.0
1285243200,-1.0
1285264800,-1.0
1285286400,-1.0
1285308000,-1.0
1285329600,-1.0
1285351200,-1.0
1285372800,-1.0
1285394400,-1.0
1285416000,-1.0
1285437600,-1.0
1285459200,-1.0
1285480800,-1.0
1285502400,-1.0
1285524000,-1.0
1285545600,-1.0
1285567200,-1.0
1285588800,-1.0
1285610400,-1.0
1285632000,-1.0
1285653600,-1.0
1285675200,-1.0
1285696800,-1.0
1285718400,-1.0
1285740000,-1.0
1285761600,-1.0
1285783200,-1.0
1285804800,-1.0
1285826400,-1.0
1285848000,-1.0
1285869600,-1.0
1285891200,-1.0
1285912800,-1.0
1285934400,-1.0
1285956000,-1.0
1285977600,-1.0
1285999200,-1.0
1286020800,-1.0
1286042400,-1.0
1286064000,-1.0
1286085600,-1.0
1286107200,-1.0
1286128800,-1.0
1286150400,-1.0
1286172000,-1.0
1286193600,-1.0
1286215200,-1.0
1286236800,-1.0
1286258400,-1.0
1286280000,-1.0
1286301600,-1.0
1286323200,-1.0
1286344800,-1.0
1286366400,-1.0
1286388000,-1.0
1286409600,-1.0
1286431200,-1.0
1286452800,-1.0
1286474400,-1.0
1286496000,-1.0
1286517600,-1.0
1286539200,-1.0
1286560800,-1.0
1286582400,-1.0
1286604000,-1.0
1286625600,-1.0
1286647200,-1.0
1286668800,-1.0
1286690400,-1.0
1286712000,-1.0
1286733600,-1.0
1286755200,-1.0
1286776800,-1.0
1286798400,-1.0
1286820000,-1.0
1286841600,-1.0
1286863200,-1.0
1286884800,-1.0
1286906400,-1.0
1286928000,-1.0
1286949600,-1.0
1286971200,-1.0
1286992800,-1.0
1287014400,-1.0
1287036000,-1.0
1287057600,-1.0
1287079200,-1.0
1287100800,-1.0
1287122400,-1.0
1287144000,-1.0
1287165600,-1.0
1287187200,-1.0
1287208800,-1.0
1287230400,-1.0
1287252000,-1.0
1287273600,-1.0
1287295200,-1.0
1287316800,-1.0
1287338400,-1.0
1287360000,-1.0
1287381600,-1.0
1287403200,-1.0
1287424800,-1.0
1287446400,-1.0
1287468000,-1.0
1287489600,-1.0
1287511200,-1.0
1287532800,-1.0
1287554400,-1.0
1287576000,-1.0
1287597600,-1.0
1287619200,-1.0
1287640800,-1.0
1287662400,-1.0
1287684000,-1.0
1287705600,-1.0
1287727200,-1.0
1287748800,-1.0
1287770400,-1.0
1287792000,-1.0
1287813600,-1.0
1287835200,-1.0
1287856800,-1.0
1287878400,-1.0
1287900000,-1.0
1287921600,-1.0
1287943200,-1.0
1287964800,-1.0
1287986400,-1.0
1288008000,-1.0
1288029600,-1.0
1288051200,-1.0
1288072800,-1.0
1288094400,-1.0
1288116000,-1.0
1288137600,-1.0
1288159200,-1.0
1288180800,-1.0
1288202400,-1.0
1288224000,-1.0
1288245600,-1.0
1288267200,-1.0
1288288800,-1.0
1288310400,-1.0
1288332000,-1.0
1288353600,-1.0
1288375200,-1.0
1288396800,-1.0
1288418400,-1.0
1288440000,-1.0
1288461600,-1.0
1288483200,-1.0
1288504800,-1.0
1288526400,-1.0
1288548000,-1.0
1288569600,-1.0
1288591200,-1.0
1288612800,-1.0
1288634400,-1.0
1288656000,-1.0
1288677600,-1.0
1288699200,-1.0
1288720800,-1.0
1288742400,-1.0
1288764000,-1.0
1288785600,-1.0
1288807200,-1.0
1288828800,-1.0
1288850400,-1.0
1288872000,-1.0
1288893600,-1.0
1288915200,-1.0
1288936800,-1.0
1288958400,-1.0
1288980000,-1.0
1289001600,-1.0
1289023200,-1.0
1289044800,-1.0
1289066400,-1.0
1289088000,-1.0
1289109600,-1.0
1289131200,-1.0
1289152800,-1.0
1289174400,-1.0
1289196000,-1.0
1289217600,-1.0
1289239200,-1.0
1289260800,-1.0
1289282400,-1.0
1289304000,-1.0
1289325600,-1.0
1289347200,-1.0
1289368800,-1.0
1289390400,-1.0
1289412000,-1.0
1289433600,-1.0
1289455200,-1.0
1289476800,-1.0
1289498400,-1.0
1289520000,-1.0
1289541600,-1.0
1289563200,-1.0
1289584800,-1.0
1289606400,-1.0
1289628000,-1.0
1289649600,-1.0
1289671200,-1.0
1289692800,-1.0
1289714400,-1.0
1289736000,-1.0
1289757600,-1.0
1289779200,-1.0
1289800800,-1.0
1289822400,-1.0
1289844000,-1.0
1289865600,-1.0
1289887200,-1.0
1289908800,-1.0
1289930400,-1.0
1289952000,-1.0
1289973600,-1.0
1289995200,-1.0
1290016800,-1.0
1290038400,-1.0
1290060000,-1.0
1290081600,-1.0
1290103200,-1.0
1290124800,-1.0
1290146400,-1.0
1290168000,-1.0
1290189600,-1.0
1290211200,-1.0
1290232800,-1.0
1290254400,-1.0
1290276000,-1.0
1290297600,-1.0
1290319200,-1.0
1290340800,-1.0
1290362400,-1.0
1290384000,-1.0
1290405600,-1.0
1290427200,-1.0
1290448800,-1.0
1290470400,-1.0
1290492000,-1.0
1290513600,-1.0
1290535200,-1.0
1290556800,-1.0
1290578400,-1.0
1290600000,-1.0
1290621600,-1.0
1290643200,-1.0
1290664800,-1.0
1290686400,-1.0
1290708000,-1.0
1290729600,-1.0
1290751200,-1.0
1290772800,-1.0
1290794400,-1.0
1290816000,-1.0
1290837600,-1.0
1290859200,-1.0
1290880800,-1.0
1290902400,-1.0
1290924000,-1.0
1290945600,-1.0
1290967200,-1.0
1290988800,-1.0
1291010400,-1.0
1291032000,-1.0
1291053600,-1.0
1291075200,-1.0
1291096800,-1.0
1291118400,-1.0
1291140000,-1.0
1291161600,-1.0
1291183200,-1.0
1291204800,-1.0
1291226400,-1.0
1291248000,-1.0
1291269600,-1.0
1291291200,-1.0
1291312800,-1.0
1291334400,-1.0
1291356000,-1.0
1291377600,-1.0
1291399200,-1.0
1291420800,-1.0
1291442400,-1.0
1291464000,-1.0
1291485600,-1.0
1291507200,-1.0
1291528800,-1.0
1291550400,-1.0
1291572000,-1.0
1291593600,-1.0
1291615200,-1.0
1291636800,-1.0
1291658400,-1.0
1291680000,-1.0
1291701600,-1.0
1291723200,-1.0
1291744800,-1.0
1291766400,-1.0
1291788000,-1.0
1291809600,-1.0
1291831200,-1.0
1291852800,-1.0
1291874400,-1.0
1291896000,-1.0
1291917600,-1.0
1291939200,-1.0
1291960800,-1.0
1291982400,-1.0
1292004000,-1.0
1292025600,-1.0
1292047200,-1.0
1292068800,-1.0
1292090400,-1.0
1292112000,-1.0
1292133600,-1.0
1292155200,-1.0
1292176800,-1.0
1292198400,-1.0
1292220000,-1.0
1292241600,-1.0
1292263200,-1.0
1292284800,-1.0
1292306400,-1.0
1292328000,-1.0
1292349600,-1.0
1292371200,-1.0
1292392800,-1.0
1292414400,-1.0
1292436000,-1.0
1292457600,-1.0
1292479200,-1.0
1292500800,-1.0
1292522400,-1.0
1292544000,-1.0
1292565600,-1.0
1292587200,-1.0
1292608800,-1.0
1292630400,-1.0
1292652000,-1.0
1292673600,-1.0
1292695200,-1.0
1292716800,-1.0
1292738400,-1.0
1292760000,-1.0
1292781600,-1.0
1292803200,-1.0
1292824800,-1.0
1292846400,-1.0
1292868000,-1.0
1292889600,-1.0
1292911200,-1.0
1292932800,-1.0
1292954400,-1.0
1292976000,-1.0
1292997600,-1.0
1293019200,-1.0
1293040800,-1.0
1293062400,-1.0
1293084000,-1.0
1293105600,-1.0
1293127200,-1.0
1293148800,-1.0
1293170400,-1.0
1293192000,-1.0
1293213600,-1.0
1293235200,-1.0
1293256800,-1.0
1293278400,-1.0
1293300000,-1.0
1293321600,-1.0
1293343200,-1.0
1293364800,-1.0
1293386400,-1.0
1293408000,-1.0
1293429600,-1.0
1293451200,-1.0
1293472800,-1.0
1293494400,-1.0
1293516000,-1.0
1293537600,-1.0
1293559200,-1.0
1293580800,-1.0
1293602400,-1.0
1293624000,-1.0
1293645600,-1.0
1293667200,-1.0
1293688800,-1.0
1293710400,-1.0
1293732000,-1.0
1293753600,-1.0
1293775200,-1.0
1293796800,-1.0
1293818400,-1.0
1293840000,-1.0
1293861600,-1.0
1293883200,-1.0
1293904800,-1.0
1293926400,-1.0
1293948000,-1.0
1293969600,-1.0
1293991200,-1.0
1294012800,-1.0
1294034400,-1.0
1294056000,-1.0
1294077600,-1.0
1294099200,-1.0
1294120800,-1.0
1294142400,-1.0
1294164000,-1.0
1294185600,-1.0
1294207200,-1.0
1294228800,-1.0
1294250400,-1.0
1294272000,-1.0
1294293600,-1.0
1294315200,-1.0
1294336800,-1.0
1294358400,-1.0
1294380000,-1.0
1294401600,-1.0
1294423200,-1.0
1294444800,-1.0
1294466400,-1.0
1294488000,-1.0
1294509600,-1.0
1294531200,-1.0
1294552800,-1.0
1294574400,-1.0
1294596000,-1.0
1294617600,-1.0
1294639200,-1.0
1294660800,-1.0
1294682400,-1.0
1294704000,-1.0
1294725600,-1.0
1294747200,-1.0
1294768800,-1.0
1294790400,-1.0
1294812000,-1.0
1294833600,-1.0
1294855200,-1.0
1294876800,-1.0
1294898400,-1.0
1294920000,-1.0
1294941600,-1.0
1294963200,-1.0
1294984800,-1.0
1295006400,-1.0
1295028000,-1.0
1295049600,-1.0
1295071200,-1.0
1295092800,-1.0
1295114400,-1.0
1295136000,-1.0
1295157600,-1.0
1295179200,-1.0
1295200800,-1.0
1295222400,-1.0
1295244000,-1.0
1295265600,-1.0
1295287200,-1.0
1295308800,-1.0
1295330400,-1.0
1295352000,-1.0
1295373600,-1.0
1295395200,-1.0
1295416800,-1.0
1295438400,-1.0
1295460000,-1.0
1295481600,-1.0
1295503200,-1.0
1295524800,-1.0
1295546400,-1.0
1295568000,-1.0
1295589600,-1.0
1295611200,-1.0
1295632800,-1.0
1295654400,-1.0
1295676000,-1.0
1295697600,-1.0
1295719200,-1.0
1295740800,-1.0
1295762400,-1.0
1295784000,-1.0
1295805600,-1.0
1295827200,-1.0
1295848800,-1.0
1295870400,-1.0
1295892000,-1.0
1295913600,-1.0
1295935200,-1.0
1295956800,-1.0
1295978400,-1.0
1296000000,-1.0
1296021600,-1.0
1296043200,-1.0
1296064800,-1.0
1296086400,-1.0
1296108000,-1.0
1296129600,-1.0
1296151200,-1.0
1296172800,-1.0
1296194400,-1.0
1296216000,-1.0
1296237600,-1.0
1296259200,-1.0
1296280800,-1.0
1296302400,-1.0
1296324000,-1.0
1296345600,-1.0
1296367200,-1.0
1296388800,-1.0
1296410400,-1.0
1296432000,-1.0
1296453600,-1.0
1296475200,-1.0
1296496800,-1.0
1296518400,-1.0
1296540000,-1.0
1296561600,-1.0
1296583200,-1.0
1296604800,-1.0
1296626400,-1.0
1296648000,-1.0
1296669600,-1.0
1296691200,-1.0
1296712800,-1.0
1296734400,-1.0
1296756000,-1.0
1296777600,-1.0
1296799200,-1.0
1296820800,-1.0
1296842400,-1.0
1296864000,-1.0
1296885600,-1.0
1296907200,-1.0
1296928800,-1.0
1296950400,-1.0
1296972000,-1.0
1296993600,-1.0
1297015200,-1.0
1297036800,-1.0
1297058400,-1.0
1297080000,-1.0
1297101600,-1.0
1297123200,-1.0
1297144800,-1.0
1297166400,-1.0
1297188000,-1.0
1297209600,-1.0
1297231200,-1.0
1297252800,-1.0
1297274400,-1.0
1297296000,-1.0
1297317600,-1.0
1297339200,-1.0
1297360800,-1.0
1297382400,-1.0
1297404000,-1.0
1297425600,-1.0
1297447200,-1.0
1297468800,-1.0
1297490400,-1.0
1297512000,-1.0
1297533600,-1.0
1297555200,-1.0
1297576800,-1.0
1297598400,-1.0
1297620000,-1.0
1297641600,-1.0
1297663200,-1.0
1297684800,-1.0
1297706400,-1.0
1297728000,-1.0
1297749600,-1.0
1297771200,-1.0
1297792800,-1.0
1297814400,-1.0
1297836000,-1.0
1297857600,-1.0
1297879200,-1.0
1297900800,-1.0
1297922400,-1.0
1297944000,-1.0
1297965600,-1.0
1297987200,-1.0
1298008800,-1.0
1298030400,-1.0
1298052000,-1.0
1298073600,-1.0
1298095200,-1.0
1298116800,-1.0
1298138400,-1.0
1298160000,-1.0
1298181600,-1.0
1298203200,-1.0
1298224800,-1.0
1298246400,-1.0
1298268000,-1.0
1298289600,-1.0
1298311200,-1.0
1298332800,-1.0
1298354400,-1.0
1298376000,-1.0
1298397600,-1.0
1298419200,-1.0
1298440800,-1.0
1298462400,-1.0
1298484000,-1.0
1298505600,-1.0
1298527200,-1.0
1298548800,-1.0
1298570400,-1.0
1298592000,-1.0
1298613600,-1.0
1298635200,-1.0
1298656800,-1.0
1298678400,-1.0
1298700000,-1.0
1298721600,-1.0
1298743200,-1.0
1298764800,-1.0
1298786400,-1.0
1298808000,-1.0
1298829600,-1.0
1298851200,-1.0
1298872800,-1.0
1298894400,-1.0
1298916000,-1.0
1298937600,-1.0
1298959200,-1.0
1298980800,-1.0
1299002400,-1.0
1299024000,-1.0
1299045600,-1.0
1299067200,-1.0
1299088800,-1.0
1299110400,-1.0
1299132000,-1.0
1299153600,-1.0
1299175200,-1.0
1299196800,-1.0
1299218400,-1.0
1299240000,-1.0
1299261600,-1.0
1299283200,-1.0
1299304800,-1.0
1299326400,-1.0
1299348000,-1.0
1299369600,-1.0
1299391200,-1.0
1299412800,-1.0
1299434400,-1.0
1299456000,-1.0
1299477600,-1.0
1299499200,-1.0
1299520800,-1.0
1299542400,-1.0
1299564000,-1.0
1299585600,-1.0
1299607200,-1.0
1299628800,-1.0
1299650400,-1.0
1299672000,-1.0
1299693600,-1.0
1299715200,-1.0
1299736800,-1.0
1299758400,-1.0
1299780000,-1.0
1299801600,-1.0
1299823200,-1.0
1299844800,-1.0
1299866400,-1.0
1299888000,-1.0
1299909600,-1.0
1299931200,-1.0
1299952800,-1.0
1299974400,-1.0
1299996000,-1.0
1300017600,-1.0
1300039200,-1.0
1300060800,-1.0
1300082400,-1.0
1300104000,-1.0
1300125600,-1.0
1300147200,-1.0
1300168800,-1.0
1300190400,-1.0
1300212000,-1.0
1300233600,-1.0
1300255200,-1.0
1300276800,-1.0
1300298400,-1.0
1300320000,-1.0
1300341600,-1.0
1300363200,-1.0
1300384800,-1.0
1300406400,-1.0
1300428000,-1.0
1300449600,-1.0
1300471200,-1.0
1300492800,-1.0
1300514400,-1.0
1300536000,-1.0
1300557600,-1.0
1300579200,-1.0
1300600800,-1.0
1300622400,-1.0
1300644000,-1.0
1300665600,-1.0
1300687200,-1.0
1300708800,-1.0
1300730400,-1.0
1300752000,-1.0
1300773600,-1.0
1300795200,-1.0
1300816800,-1.0
1300838400,-1.0
1300860000,-1.0
1300881600,-1.0
1300903200,-1.0
1300924800,-1.0
1300946400,-1.0
1300968000,-1.0
1300989600,-1.0
1301011200,-1.0
1301032800,-1.0
1301054400,-1.0
1301076000,-1.0
1301097600,-1.0
1301119200,-1.0
1301140800,-1.0
1301162400,-1.0
1301184000,-1.0
1301205600,-1.0
1301227200,-1.0
1301248800,-1.0
1301270400,-1.0
1301292000,-1.0
1301313600,-1.0
1301335200,-1.0
1301356800,-1.0
1301378400,-1.0
1301400000,-1.0
1301421600,-1.0
1301443200,-1.0
1301464800,-1.0
1301486400,-1.0
1301508000,-1.0
1301529600,-1.0
1301551200,-1.0
1301572800,-1.0
1301594400,-1.0
1301616000,-1.0
1301637600,-1.0
1301659200,-1.0
1301680800,-1.0
1301702400,-1.0
1301724000,-1.0
1301745600,-1.0
1301767200,-1.0
1301788800,-1.0
1301810400,-1.0
1301832000,-1.0
1301853600,-1.0
1301875200,-1.0
1301896800,-1.0
1301918400,-1.0
1301940000,-1.0
1301961600,-1.0
1301983200,-1.0
1302004800,-1.0
1302026400,-1.0
1302048000,-1.0
1302069600,-1.0
1302091200,-1.0
1302112800,-1.0
1302134400,-1.0
1302156000,-1.0
1302177600,-1.0
1302199200,-1.0
1302220800,-1.0
1302242400,-1.0
1302264000,-1.0
1302285600,-1.0
1302307200,-1.0
1302328800,-1.0
1302350400,-1.0
1302372000,-1.0
1302393600,-1.0
1302415200,-1.0
1302436800,-1.0
1302458400,-1.0
1302480000,-1.0
1302501600,-1.0
1302523200,-1.0
1302544800,-1.0
1302566400,-1.0
1302588000,-1.0
1302609600,-1.0
1302631200,-1.0
1302652800,-1.0
1302674400,-1.0
1302696000,-1.0
1302717600,-1.0
1302739200,-1.0
1302760800,-1.0
1302782400,-1.0
1302804000,-1.0
1302825600,-1.0
1302847200,-1.0
1302868800,-1.0
1302890400,-1.0
1302912000,-1.0
1302933600,-1.0
1302955200,-1.0
1302976800,-1.0
1302998400,-1.0
1303020000,-1.0
1303041600,-1.0
1303063200,-1.0
1303084800,-1.0
1303106400,-1.0
1303128000,-1.0
1303149600,-1.0
1303171200,-1.0
1303192800,-1.0
1303214400,-1.0
1303236000,-1.0
1303257600,-1.0
1303279200,-1.0
1303300800,-1.0
1303322400,-1.0
1303344000,-1.0
1303365600,-1.0
1303387200,-1.0
1303408800,-1.0
1303430400,-1.0
1303452000,-1.0
1303473600,-1.0
1303495200,-1.0
1303516800,-1.0
1303538400,-1.0
1303560000,-1.0
1303581600,-1.0
1303603200,-1.0
1303624800,-1.0
1303646400,-1.0
1303668000,-1.0
1303689600,-1.0
1303711200,-1.0
1303732800,-1.0
1303754400,-1.0
1303776000,-1.0
1303797600,-1.0
1303819200,-1.0
1303840800,-1.0
1303862400,-1.0
1303884000,-1.0
1303905600,-1.0
1303927200,-1.0
1303948800,-1.0
1303970400,-1.0
1303992000,-1.0
1304013600,-1.0
1304035200,-1.0
1304056800,-1.0
1304078400,-1.0
1304100000,-1.0
1304121600,-1.0
1304143200,-1.0
1304164800,-1.0
1304186400,-1.0
1304208000,-1.0
1304229600,-1.0
1304251200,-1.0
1304272800,-1.0
1304294400,-1.0
1304316000,-1.0
1304337600,-1.0
1304359200,-1.0
1304380800,-1.0
1304402400,-1.0
1304424000,-1.0
1304445600,-1.0
1304467200,-1.0
1304488800,-1.0
1304510400,-1.0
1304532000,-1.0
1304553600,-1.0
1304575200,-1.0
1304596800,-1.0
1304618400,-1.0
1304640000,-1.0
1304661600,-1.0
1304683200,-1.0
1304704800,-1.0
1304726400,-1.0
1304748000,-1.0
1304769600,-1.0
1304791200,-1.0
1304812800,-1.0
1304834400,-1.0
1304856000,-1.0
1304877600,-1.0
1304899200,-1.0
1304920800,-1.0
1304942400,-1.0
1304964000,-1.0
1304985600,-1.0
1305007200,-1.0
1305028800,-1.0
1305050400,-1.0
1305072000,-1.0
1305093600,-1.0
1305115200,-1.0
1305136800,-1.0
1305158400,-1.0
1305180000,-1.0
1305201600,-1.0
1305223200,-1.0
1305244800,-1.0
1305266400,-1.0
1305288000,-1.0
1305309600,-1.0
1305331200,-1.0
1305352800,-1.0
1305374400,-1.0
1305396000,-1.0
1305417600,-1.0
1305439200,-1.0
1305460800,-1.0
1305482400,-1.0
1305504000,-1.0
1305525600,-1.0
1305547200,-1.0
1305568800,-1.0
1305590400,-1.0
1305612000,-1.0
1305633600,-1.0
1305655200,-1.0
1305676800,-1.0
1305698400,-1.0
1305720000,-1.0
1305741600,-1.0
1305763200,-1.0
1305784800,-1.0
1305806400,-1.0
1305828000,-1.0
1305849600,-1.0
1305871200,-1.0
1305892800,-1.0
1305914400,-1.0
1305936000,-1.0
1305957600,-1.0
1305979200,-1.0
1306000800,-1.0
1306022400,-1.0
1306044000,-1.0
1306065600,-1.0
1306087200,-1.0
1306108800,-1.0
1306130400,-1.0
1306152000,-1.0
1306173600,-1.0
1306195200,-1.0
1306216800,-1.0
1306238400,-1.0
1306260000,-1.0
1306281600,-1.0
1306303200,-1.0
1306324800,-1.0
1306346400,-1.0
1306368000,-1.0
1306389600,-1.0
1306411200,-1.0
1306432800,-1.0
1306454400,-1.0
1306476000,-1.0
1306497600,-1.0
1306519200,-1.0
1306540800,-1.0
1306562400,-1.0
1306584000,-1.0
1306605600,-1.0
1306627200,-1.0
1306648800,-1.0
1306670400,-1.0
1306692000,-1.0
1306713600,-1.0
1306735200,-1.0
1306756800,-1.0
1306778400,-1.0
1306800000,-1.0
1306821600,-1.0
1306843200,-1.0
1306864800,-1.0
1306886400,-1.0
1306908000,-1.0
1306929600,-1.0
1306951200,-1.0
1306972800,-1.0
1306994400,-1.0
1307016000,-1.0
1307037600,-1.0
1307059200,-1.0
1307080800,-1.0
1307102400,-1.0
1307124000,-1.0
1307145600,-1.0
1307167200,-1.0
1307188800,-1.0
1307210400,-1.0
1307232000,-1.0
1307253600,-1.0
1307275200,-1.0
1307296800,-1.0
1307318400,-1.0
1307340000,-1.0
1307361600,-1.0
1307383200,-1.0
1307404800,-1.0
1307426400,-1.0
1307448000,-1.0
1307469600,-1.0
1307491200,-1.0
1307512800,-1.0
1307534400,-1.0
1307556000,-1.0
1307577600,-1.0
1307599200,-1.0
1307620800,-1.0
1307642400,-1.0
1307664000,-1.0
1307685600,-1.0
1307707200,-1.0
1307728800,-1.0
1307750400,-1.0
1307772000,-1.0
1307793600,-1.0
1307815200,-1.0
1307836800,-1.0
1307858400,-1.0
1307880000,-1.0
1307901600,-1.0
1307923200,-1.0
1307944800,-1.0
1307966400,-1.0
1307988000,-1.0
1308009600,-1.0
1308031200,-1.0
1308052800,-1.0
1308074400,-1.0
1308096000,-1.0
1308117600,-1.0
1308139200,-1.0
1308160800,-1.0
1308182400,-1.0
1308204000,-1.0
1308225600,-1.0
1308247200,-1.0
1308268800,-1.0
1308290400,-1.0
1308312000,-1.0
1308333600,-1.0
1308355200,-1.0
1308376800,-1.0
1308398400,-1.0
1308420000,-1.0
1308441600,-1.0
1308463200,-1.0
1308484800,-1.0
1308506400,-1.0
1308528000,-1.0
1308549600,-1.0
1308571200,-1.0
1308592800,-1.0
1308614400,-1.0
1308636000,-1.0
1308657600,-1.0
1308679200,-1.0
1308700800,-1.0
1308722400,-1.0
1308744000,-1.0
1308765600,-1.0
1308787200,-1.0
1308808800,-1.0
1308830400,-1.0
1308852000,-1.0
1308873600,-1.0
1308895200,-1.0
1308916800,-1.0
1308938400,-1.0
1308960000,-1.0
1308981600,-1.0
1309003200,-1.0
1309024800,-1.0
1309046400,-1.0
1309068000,-1.0
1309089600,-1.0
1309111200,-1.0
1309132800,-1.0
1309154400,-1.0
1309176000,-1.0
1309197600,-1.0
1309219200,-1.0
1309240800,-1.0
1309262400,-1.0
1309284000,-1.0
1309305600,-1.0
1309327200,-1.0
1309348800,-1.0
1309370400,-1.0
1309392000,-1.0
1309413600,-1.0
1309435200,-1.0
1309456800,-1.0
1309478400,-1.0
1309500000,-1.0
1309521600,-1.0
1309543200,-1.0
1309564800,-1.0
1309586400,-1.0
1309608000,-1.0
1309629600,-1.0
1309651200,-1.0
1309672800,-1.0
1309694400,-1.0
1309716000,-1.0
1309737600,-1.0
1309759200,-1.0
1309780800,-1.0
1309802400,-1.0
1309824000,-1.0
1309845600,-1.0
1309867200,-1.0
1309888800,-1.0
1309910400,-1.0
1309932000,-1.0
1309953600,-1.0
1309975200,-1.0
1309996800,-1.0
1310018400,-1.0
1310040000,-1.0
1310061600,-1.0
1310083200,-1.0
1310104800,-1.0
1310126400,-1.0
1310148000,-1.0
1310169600,-1.0
1310191200,-1.0
1310212800,-1.0
1310234400,-1.0
1310256000,-1.0
1310277600,-1.0
1310299200,-1.0
1310320800,-1.0
1310342400,-1.0
1310364000,-1.0
1310385600,-1.0
1310407200,-1.0
1310428800,-1.0
1310450400,-1.0
1310472000,-1.0
1310493600,-1.0
1310515200,-1.0
1310536800,-1.0
1310558400,-1.0
1310580000,-1.0
1310601600,-1.0
1310623200,-1.0
1310644800,-1.0
1310666400,-1.0
1310688000,-1.0
1310709600,-1.0
1310731200,-1.0
1310752800,-1.0
1310774400,-1.0
1310796000,-1.0
1310817600,-1.0
1310839200,-1.0
1310860800,-1.0
1310882400,-1.0
1310904000,-1.0
1310925600,-1.0
1310947200,-1.0
1310968800,-1.0
1310990400,-1.0
1311012000,-1.0
1311033600,-1.0
1311055200,-1.0
1311076800,-1.0
1311098400,-1.0
1311120000,-1.0
1311141600,-1.0
1311163200,-1.0
1311184800,-1.0
1311206400,-1.0
1311228000,-1.0
1311249600,-1.0
1311271200,-1.0
1311292800,-1.0
1311314400,-1.0
1311336000,-1.0
1311357600,-1.0
1311379200,-1.0
1311400800,-1.0
1311422400,-1.0
1311444000,-1.0
1311465600,-1.0
1311487200,-1.0
1311508800,-1.0
1311530400,-1.0
1311552000,-1.0
1311573600,-1.0
1311595200,-1.0
1311616800,-1.0
1311638400,-1.0
1311660000,-1.0
1311681600,-1.0
1311703200,-1.0
1311724800,-1.0
1311746400,-1.0
1311768000,-1.0
1311789600,-1.0
1311811200,-1.0
1311832800,-1.0
1311854400,-1.0
1311876000,-1.0
1311897600,-1.0
1311919200,-1.0
1311940800,-1.0
1311962400,-1.0
1311984000,-1.0
1312005600,-1.0
1312027200,-1.0
1312048800,-1.0
1312070400,-1.0
1312092000,-1.0
1312113600,-1.0
1312135200,-1.0
1312156800,-1.0
1312178400,-1.0
1312200000,-1.0
1312221600,-1.0
1312243200,-1.0
1312264800,-1.0
1312286400,-1.0
1312308000,-1.0
1312329600,-1.0
1312351200,-1.0
1312372800,-1.0
1312394400,-1.0
1312416000,-1.0
1312437600,-1.0
1312459200,-1.0
1312480800,-1.0
1312502400,-1.0
1312524000,-1.0
1312545600,-1.0
1312567200,-1.0
1312588800,-1.0
1312610400,-1.0
1312632000,-1.0
1312653600,-1.0
1312675200,-1.0
1312696800,-1.0
1312718400,-1.0
1312740000,-1.0
1312761600,-1.0
1312783200,-1.0
1312804800,-1.0
1312826400,-1.0
1312848000,-1.0
1312869600,-1.0
1312891200,-1.0
1312912800,-1.0
1312934400,-1.0
1312956000,-1.0
1312977600,-1.0
1312999200,-1.0
1313020800,-1.0
1313042400,-1.0
1313064000,-1.0
1313085600,-1.0
1313107200,-1.0
1313128800,-1.0
1313150400,-1.0
1313172000,-1.0
1313193600,-1.0
1313215200,-1.0
1313236800,-1.0
1313258400,-1.0
1313280000,-1.0
1313301600,-1.0
1313323200,-1.0
1313344800,-1.0
1313366400,-1.0
1313388000,-1.0
1313409600,-1.0
1313431200,-1.0
1313452800,-1.0
1313474400,-1.0
1313496000,-1.0
1313517600,-1.0
1313539200,-1.0
1313560800,-1.0
1313582400,-1.0
1313604000,-1.0
1313625600,-1.0
1313647200,-1.0
1313668800,-1.0
1313690400,-1.0
1313712000,-1.0
1313733600,-1.0
1313755200,-1.0
1313776800,-1.0
1313798400,-1.0
1313820000,-1.0
1313841600,-1.0
1313863200,-1.0
1313884800,-1.0
1313906400,-1.0
1313928000,-1.0
1313949600,-1.0
1313971200,-1.0
1313992800,-1.0
1314014400,-1.0
1314036000,-1.0
1314057600,-1.0
1314079200,-1.0
1314100800,-1.0
1314122400,-1.0
1314144000,-1.0
1314165600,-1.0
1314187200,-1.0
1314208800,-1.0
1314230400,-1.0
1314252000,-1.0
1314273600,-1.0
1314295200,-1.0
1314316800,-1.0
1314338400,-1.0
1314360000,-1.0
1314381600,-1.0
1314403200,-1.0
1314424800,-1.0
1314446400,-1.0
1314468000,-1.0
1314489600,-1.0
1314511200,-1.0
1314532800,-1.0
1314554400,-1.0
1314576000,-1.0
1314597600,-1.0
1314619200,-1.0
1314640800,-1.0
1314662400,-1.0
1314684000,-1.0
1314705600,-1.0
1314727200,-1.0
1314748800,-1.0
1314770400,-1.0
1314792000,-1.0
1314813600,-1.0
1314835200,-1.0
1314856800,-1.0
1314878400,-1.0
1314900000,-1.0
1314921600,-1.0
1314943200,-1.0
1314964800,-1.0
1314986400,-1.0
1315008000,-1.0
1315029600,-1.0
1315051200,-1.0
1315072800,-1.0
1315094400,-1.0
1315116000,-1.0
1315137600,-1.0
1315159200,-1.0
1315180800,-1.0
1315202400,-1.0
1315224000,-1.0
1315245600,-1.0
1315267200,-1.0
1315288800,-1.0
1315310400,-1.0
1315332000,-1.0
1315353600,-1.0
1315375200,-1.0
1315396800,-1.0
1315418400,-1.0
1315440000,-1.0
1315461600,-1.0
1315483200,-1.0
1315504800,-1.0
1315526400,-1.0
1315548000,-1.0
1315569600,-1.0
1315591200,-1.0
1315612800,-1.0
1315634400,-1.0
1315656000,-1.0
1315677600,-1.0
1315699200,-1.0
1315720800,-1.0
1315742400,-1.0
1315764000,-1.0
1315785600,-1.0
1315807200,-1.0
1315828800,-1.0
1315850400,-1.0
1315872000,-1.0
1315893600,-1.0
1315915200,-1.0
1315936800,-1.0
1315958400,-1.0
1315980000,-1.0
1316001600,-1.0
1316023200,-1.0
1316044800,-1.0
1316066400,-1.0
1316088000,-1.0
1316109600,-1.0
1316131200,-1.0
1316152800,-1.0
1316174400,-1.0
1316196000,-1.0
1316217600,-1.0
1316239200,-1.0
1316260800,-1.0
1316282400,-1.0
1316304000,-1.0
1316325600,-1.0
1316347200,-1.0
1316368800,-1.0
1316390400,-1.0
1316412000,-1.0
1316433600,-1.0
1316455200,-1.0
1316476800,-1.0
1316498400,-1.0
1316520000,-1.0
1316541600,-1.0
1316563200,-1.0
1316584800,-1.0
1316606400,-1.0
1316628000,-1.0
1316649600,-1.0
1316671200,-1.0
1316692800,-1.0
1316714400,-1.0
1316736000,-1.0
1316757600,-1.0
1316779200,-1.0
1316800800,-1.0
1316822400,-1.0
1316844000,-1.0
1316865600,-1.0
1316887200,-1.0
1316908800,-1.0
1316930400,-1.0
1316952000,-1.0
1316973600,-1.0
1316995200,-1.0
1317016800,-1.0
1317038400,-1.0
1317060000,-1.0
1317081600,-1.0
1317103200,-1.0
1317124800,-1.0
1317146400,-1.0
1317168000,-1.0
1317189600,-1.0
1317211200,-1.0
1317232800,-1.0
1317254400,-1.0
1317276000,-1.0
1317297600,-1.0
1317319200,-1.0
1317340800,-1.0
1317362400,-1.0
1317384000,-1.0
1317405600,-1.0
1317427200,-1.0
1317448800,-1.0
1317470400,-1.0
1317492000,-1.0
1317513600,-1.0
1317535200,-1.0
1317556800,-1.0
1317578400,-1.0
1317600000,-1.0
1317621600,-1.0
1317643200,-1.0
1317664800,-1.0
1317686400,-1.0
1317708000,-1.0
1317729600,-1.0
1317751200,-1.0
1317772800,-1.0
1317794400,-1.0
1317816000,-1.0
1317837600,-1.0
1317859200,-1.0
1317880800,-1.0
1317902400,-1.0
1317924000,-1.0
1317945600,-1.0
1317967200,-1.0
1317988800,-1.0
1318010400,-1.0
1318032000,-1.0
1318053600,-1.0
1318075200,-1.0
1318096800,-1.0
1318118400,-1.0
1318140000,-1.0
1318161600,-1.0
1318183200,-1.0
1318204800,-1.0
1318226400,-1.0
1318248000,-1.0
1318269600,-1.0
1318291200,-1.0
1318312800,-1.0
1318334400,-1.0
1318356000,-1.0
1318377600,-1.0
1318399200,-1.0
1318420800,-1.0
1318442400,-1.0
1318464000,-1.0
1318485600,-1.0
1318507200,-1.0
1318528800,-1.0
1318550400,-1.0
1318572000,-1.0
1318593600,-1.0
1318615200,-1.0
1318636800,-1.0
1318658400,-1.0
1318680000,-1.0
1318701600,-1.0
1318723200,-1.0
1318744800,-1.0
1318766400,-1.0
1318788000,-1.0
1318809600,-1.0
1318831200,-1.0
1318852800,-1.0
1318874400,-1.0
1318896000,-1.0
1318917600,-1.0
1318939200,-1.0
1318960800,-1.0
1318982400,-1.0
1319004000,-1.0
1319025600,-1.0
1319047200,-1.0
1319068800,-1.0
1319090400,-1.0
1319112000,-1.0
1319133600,-1.0
1319155200,-1.0
1319176800,-1.0
1319198400,-1.0
1319220000,-1.0
1319241600,-1.0
1319263200,-1.0
1319284800,-1.0
1319306400,-1.0
1319328000,-1.0
1319349600,-1.0
1319371200,-1.0
1319392800,-1.0
1319414400,-1.0
1319436000,-1.0
1319457600,-1.0
1319479200,-1.0
1319500800,-1.0
1319522400,-1.0
1319544000,-1.0
1319565600,-1.0
1319587200,-1.0
1319608800,-1.0
1319630400,-1.0
1319652000,-1.0
1319673600,-1.0
1319695200,-1.0
1319716800,-1.0
1319738400,-1.0
1319760000,-1.0
1319781600,-1.0
1319803200,-1.0
1319824800,-1.0
1319846400,-1.0
1319868000,-1.0
1319889600,-1.0
1319911200,-1.0
1319932800,-1.0
1319954400,-1.0
1319976000,-1.0
1319997600,-1.0
1320019200,-1.0
1320040800,-1.0
1320062400,-1.0
1320084000,-1.0
1320105600,-1.0
1320127200,-1.0
1320148800,-1.0
1320170400,-1.0
1320192000,-1.0
1320213600,-1.0
1320235200,-1.0
1320256800,-1.0
1320278400,-1.0
1320300000,-1.0
1320321600,-1.0
1320343200,-1.0
1320364800,-1.0
1320386400,-1.0
1320408000,-1.0
1320429600,-1.0
1320451200,-1.0
1320472800,-1.0
1320494400,-1.0
1320516000,-1.0
1320537600,-1.0
1320559200,-1.0
1320580800,-1.0
1320602400,-1.0
1320624000,-1.0
1320645600,-1.0
1320667200,-1.0
1320688800,-1.0
1320710400,-1.0
1320732000,-1.0
1320753600,-1.0
1320775200,-1.0
1320796800,-1.0
1320818400,-1.0
1320840000,-1.0
1320861600,-1.0
1320883200,-1.0
1320904800,-1.0
1320926400,-1.0
1320948000,-1.0
1320969600,-1.0
1320991200,-1.0
1321012800,-1.0
1321034400,-1.0
1321056000,-1.0
1321077600,-1.0
1321099200,-1.0
1321120800,-1.0
1321142400,-1.0
1321164000,-1.0
1321185600,-1.0
1321207200,-1.0
1321228800,-1.0
1321250400,-1.0
1321272000,-1.0
1321293600,-1.0
1321315200,-1.0
1321336800,-1.0
1321358400,-1.0
1321380000,-1.0
1321401600,-1.0
1321423200,-1.0
1321444800,-1.0
1321466400,-1.0
1321488000,-1.0
1321509600,-1.0
1321531200,-1.0
1321552800,-1.0
1321574400,-1.0
1321596000,-1.0
1321617600,-1.0
1321639200,-1.0
1321660800,-1.0
1321682400,-1.0
1321704000,-1.0
1321725600,-1.0
1321747200,-1.0
1321768800,-1.0
1321790400,-1.0
1321812000,-1.0
1321833600,-1.0
1321855200,-1.0
1321876800,-1.0
1321898400,-1.0
1321920000,-1.0
1321941600,-1.0
1321963200,-1.0
1321984800,-1.0
1322006400,-1.0
1322028000,-1.0
1322049600,-1.0
1322071200,-1.0
1322092800,-1.0
1322114400,-1.0
1322136000,-1.0
1322157600,-1.0
1322179200,-1.0
1322200800,-1.0
1322222400,-1.0
1322244000,-1.0
1322265600,-1.0
1322287200,-1.0
1322308800,-1.0
1322330400,-1.0
1322352000,-1.0
1322373600,-1.0
1322395200,-1.0
1322416800,-1.0
1322438400,-1.0
1322460000,-1.0
1322481600,-1.0
1322503200,-1.0
1322524800,-1.0
1322546400,-1.0
1322568000,-1.0
1322589600,-1.0
1322611200,-1.0
1322632800,-1.0
1322654400,-1.0
1322676000,-1.0
1322697600,-1.0
1322719200,-1.0
1322740800,-1.0
1322762400,-1.0
1322784000,-1.0
1322805600,-1.0
1322827200,-1.0
1322848800,-1.0
1322870400,-1.0
1322892000,-1.0
1322913600,-1.0
1322935200,-1.0
1322956800,-1.0
1322978400,-1.0
1323000000,-1.0
1323021600,-1.0
1323043200,-1.0
1323064800,-1.0
1323086400,-1.0
1323108000,-1.0
1323129600,-1.0
1323151200,-1.0
1323172800,-1.0
1323194400,-1.0
1323216000,-1.0
1323237600,-1.0
1323259200,-1.0
1323280800,-1.0
1323302400,-1.0
1323324000,-1.0
1323345600,-1.0
1323367200,-1.0
1323388800,-1.0
1323410400,-1.0
1323432000,-1.0
1323453600,-1.0
1323475200,-1.0
1323496800,-1.0
1323518400,-1.0
1323540000,-1.0
1323561600,-1.0
1323583200,-1.0
1323604800,-1.0
1323626400,-1.0
1323648000,-1.0
1323669600,-1.0
1323691200,-1.0
1323712800,-1.0
1323734400,-1.0
1323756000,-1.0
1323777600,-1.0
1323799200,-1.0
1323820800,-1.0
1323842400,-1.0
1323864000,-1.0
1323885600,-1.0
1323907200,-1.0
1323928800,-1.0
1323950400,-1.0
1323972000,-1.0
1323993600,-1.0
1324015200,-1.0
1324036800,-1.0
1324058400,-1.0
1324080000,-1.0
1324101600,-1.0
1324123200,-1.0
1324144800,-1.0
1324166400,-1.0
1324188000,-1.0
1324209600,-1.0
1324231200,-1.0
1324252800,-1.0
1324274400,-1.0
1324296000,-1.0
1324317600,-1.0
1324339200,-1.0
1324360800,-1.0
1324382400,-1.0
1324404000,-1.0
1324425600,-1.0
1324447200,-1.0
1324468800,-1.0
1324490400,-1.0
1324512000,-1.0
1324533600,-1.0
1324555200,-1.0
1324576800,-1.0
1324598400,-1.0
1324620000,-1.0
1324641600,-1.0
1324663200,-1.0
1324684800,-1.0
1324706400,-1.0
1324728000,-1.0
1324749600,-1.0
1324771200,-1.0
1324792800,-1.0
1324814400,-1.0
1324836000,-1.0
1324857600,-1.0
1324879200,-1.0
1324900800,-1.0
1324922400,-1.0
1324944000,-1.0
1324965600,-1.0
1324987200,-1.0
1325008800,-1.0
1325030400,-1.0
1325052000,-1.0
1325073600,-1.0
1325095200,-1.0
1325116800,-1.0
1325138400,-1.0
1325160000,-1.0
1325181600,-1.0
1325203200,-1.0
1325224800,-1.0
1325246400,-1.0
1325268000,-1.0
1325289600,-1.0
1325311200,-1.0
1325332800,-1.0
1325354400,-1.0
1325376000,-1.0
1325397600,-1.0
1325419200,-1.0
1325440800,-1.0
1325462400,-1.0
1325484000,-1.0
1325505600,-1.0
1325527200,-1.0
1325548800,-1.0
1325570400,-1.0
1325592000,-1.0
1325613600,-1.0
1325635200,-1.0
1325656800,-1.0
1325678400,-1.0
1325700000,-1.0
1325721600,-1.0
1325743200,-1.0
1325764800,-1.0
1325786400,-1.0
1325808000,-1.0
1325829600,-1.0
1325851200,-1.0
1325872800,-1.0
1325894400,-1.0
1325916000,-1.0
1325937600,-1.0
1325959200,-1.0
1325980800,-1.0
1326002400,-1.0
1326024000,-1.0
1326045600,-1.0
1326067200,-1.0
1326088800,-1.0
1326110400,-1.0
1326132000,-1.0
1326153600,-1.0
1326175200,-1.0
1326196800,-1.0
1326218400,-1.0
1326240000,-1.0
1326261600,-1.0
1326283200,-1.0
1326304800,-1.0
1326326400,-1.0
1326348000,-1.0
1326369600,-1.0
1326391200,-1.0
1326412800,-1.0
1326434400,-1.0
1326456000,-1.0
1326477600,-1.0
1326499200,-1.0
1326520800,-1.0
1326542400,-1.0
1326564000,-1.0
1326585600,-1.0
1326607200,-1.0
1326628800,-1.0
1326650400,-1.0
1326672000,-1.0
1326693600,-1.0
1326715200,-1.0
1326736800,-1.0
1326758400,-1.0
1326780000,-1.0
1326801600,-1.0
1326823200,-1.0
1326844800,-1.0
1326866400,-1.0
1326888000,-1.0
1326909600,-1.0
1326931200,-1.0
1326952800,-1.0
1326974400,-1.0
1326996000,-1.0
1327017600,-1.0
1327039200,-1.0
1327060800,-1.0
1327082400,-1.0
1327104000,-1.0
1327125600,-1.0
1327147200,-1.0
1327168800,-1.0
1327190400,-1.0
1327212000,-1.0
1327233600,-1.0
1327255200,-1.0
1327276800,-1.0
1327298400,-1.0
1327320000,-1.0
1327341600,-1.0
1327363200,-1.0
1327384800,-1.0
1327406400,-1.0
1327428000,-1.0
1327449600,-1.0
1327471200,-1.0
1327492800,-1.0
1327514400,-1.0
1327536000,-1.0
1327557600,-1.0
1327579200,-1.0
1327600800,-1.0
1327622400,-1.0
1327644000,-1.0
1327665600,-1.0
1327687200,-1.0
1327708800,-1.0
1327730400,-1.0
1327752000,-1.0
1327773600,-1.0
1327795200,-1.0
1327816800,-1.0
1327838400,-1.0
1327860000,-1.0
1327881600,-1.0
1327903200,-1.0
1327924800,-1.0
1327946400,-1.0
1327968000,-1.0
1327989600,-1.0
1328011200,-1.0
1328032800,-1.0
1328054400,-1.0
1328076000,-1.0
1328097600,-1.0
1328119200,-1.0
1328140800,-1.0
1328162400,-1.0
1328184000,-1.0
1328205600,-1.0
1328227200,-1.0
1328248800,-1.0
1328270400,-1.0
1328292000,-1.0
1328313600,-1.0
1328335200,-1.0
1328356800,-1.0
1328378400,-1.0
1328400000,-1.0
1328421600,-1.0
1328443200,-1.0
1328464800,-1.0
1328486400,-1.0
1328508000,-1.0
1328529600,-1.0
1328551200,-1.0
1328572800,-1.0
1328594400,-1.0
1328616000,-1.0
1328637600,-1.0
1328659200,-1.0
1328680800,-1.0
1328702400,-1.0
1328724000,-1.0
1328745600,-1.0
1328767200,-1.0
1328788800,-1.0
1328810400,-1.0
1328832000,-1.0
1328853600,-1.0
1328875200,-1.0
1328896800,-1.0
1328918400,-1.0
1328940000,-1.0
1328961600,-1.0
1328983200,-1.0
1329004800,-1.0
1329026400,-1.0
1329048000,-1.0
1329069600,-1.0
1329091200,-1.0
1329112800,-1.0
1329134400,-1.0
1329156000,-1.0
1329177600,-1.0
1329199200,-1.0
1329220800,-1.0
1329242400,-1.0
1329264000,-1.0
1329285600,-1.0
1329307200,-1.0
1329328800,-1.0
1329350400,-1.0
1329372000,-1.0
1329393600,-1.0
1329415200,-1.0
1329436800,-1.0
1329458400,-1.0
1329480000,-1.0
1329501600,-1.0
1329523200,-1.0
1329544800,-1.0
1329566400,-1.0
1329588000,-1.0
1329609600,-1.0
1329631200,-1.0
1329652800,-1.0
1329674400,-1.0
1329696000,-1.0
1329717600,-1.0
1329739200,-1.0
1329760800,-1.0
1329782400,-1.0
1329804000,-1.0
1329825600,-1.0
1329847200,-1.0
1329868800,-1.0
1329890400,-1.0
1329912000,-1.0
1329933600,-1.0
1329955200,-1.0
1329976800,-1.0
1329998400,-1.0
1330020000,-1.0
1330041600,-1.0
1330063200,-1.0
1330084800,-1.0
1330106400,-1.0
1330128000,-1.0
1330149600,-1.0
1330171200,-1.0
1330192800,-1.0
1330214400,-1.0
1330236000,-1.0
1330257600,-1.0
1330279200,-1.0
1330300800,-1.0
1330322400,-1.0
1330344000,-1.0
1330365600,-1.0
1330387200,-1.0
1330408800,-1.0
1330430400,-1.0
1330452000,-1.0
1330473600,-1.0
1330495200,-1.0
1330516800,-1.0
1330538400,-1.0
1330560000,-1.0
1330581600,-1.0
1330603200,-1.0
1330624800,-1.0
1330646400,-1.0
1330668000,-1.0
1330689600,-1.0
1330711200,-1.0
1330732800,-1.0
1330754400,-1.0
1330776000,-1.0
1330797600,-1.0
1330819200,-1.0
1330840800,-1.0
1330862400,-1.0
1330884000,-1.0
1330905600,-1.0
1330927200,-1.0
1330948800,-1.0
1330970400,-1.0
1330992000,-1.0
1331013600,-1.0
1331035200,-1.0
1331056800,-1.0
1331078400,-1.0
1331100000,-1.0
1331121600,-1.0
1331143200,-1.0
1331164800,-1.0
1331186400,-1.0
1331208000,-1.0
1331229600,-1.0
1331251200,-1.0
1331272800,-1.0
1331294400,-1.0
1331316000,-1.0
1331337600,-1.0
1331359200,-1.0
1331380800,-1.0
1331402400,-1.0
1331424000,-1.0
1331445600,-1.0
1331467200,-1.0
1331488800,-1.0
1331510400,-1.0
1331532000,-1.0
1331553600,-1.0
1331575200,-1.0
1331596800,-1.0
1331618400,-1.0
1331640000,-1.0
1331661600,-1.0
1331683200,-1.0
1331704800,-1.0
1331726400,-1.0
1331748000,-1.0
1331769600,-1.0
1331791200,-1.0
1331812800,-1.0
1331834400,-1.0
1331856000,-1.0
1331877600,-1.0
1331899200,-1.0
1331920800,-1.0
1331942400,-1.0
1331964000,-1.0
1331985600,-1.0
1332007200,-1.0
1332028800,-1.0
1332050400,-1.0
1332072000,-1.0
1332093600,-1.0
1332115200,-1.0
1332136800,-1.0
1332158400,-1.0
1332180000,-1.0
1332201600,-1.0
1332223200,-1.0
1332244800,-1.0
1332266400,-1.0
1332288000,-1.0
1332309600,-1.0
1332331200,-1.0
1332352800,-1.0
1332374400,-1.0
1332396000,-1.0
1332417600,-1.0
1332439200,-1.0
1332460800,-1.0
1332482400,-1.0
1332504000,-1.0
1332525600,-1.0
1332547200,-1.0
1332568800,-1.0
1332590400,-1.0
1332612000,-1.0
1332633600,-1.0
1332655200,-1.0
1332676800,-1.0
1332698400,-1.0
1332720000,-1.0
1332741600,-1.0
1332763200,-1.0
1332784800,-1.0
1332806400,-1.0
1332828000,-1.0
1332849600,-1.0
1332871200,-1.0
1332892800,-1.0
1332914400,-1.0
1332936000,-1.0
1332957600,-1.0
1332979200,-1.0
1333000800,-1.0
1333022400,-1.0
1333044000,-1.0
1333065600,-1.0
1333087200,-1.0
1333108800,-1.0
1333130400,-1.0
1333152000,-1.0
1333173600,-1.0
1333195200,-1.0
1333216800,-1.0
1333238400,-1.0
1333260000,-1.0
1333281600,-1.0
1333303200,-1.0
1333324800,-1.0
1333346400,-1.0
1333368000,-1.0
1333389600,-1.0
1333411200,-1.0
1333432800,-1.0
1333454400,-1.0
1333476000,-1.0
1333497600,-1.0
1333519200,-1.0
1333540800,-1.0
1333562400,-1.0
1333584000,-1.0
1333605600,-1.0
1333627200,-1.0
1333648800,-1.0
1333670400,-1.0
1333692000,-1.0
1333713600,-1.0
1333735200,-1.0
1333756800,-1.0
1333778400,-1.0
1333800000,-1.0
1333821600,-1.0
1333843200,-1.0
1333864800,-1.0
1333886400,-1.0
1333908000,-1.0
1333929600,-1.0
1333951200,-1.0
1333972800,-1.0
1333994400,-1.0
1334016000,-1.0
1334037600,-1.0
1334059200,-1.0
1334080800,-1.0
1334102400,-1.0
1334124000,-1.0
1334145600,-1.0
1334167200,-1.0
1334188800,-1.0
1334210400,-1.0
1334232000,-1.0
1334253600,-1.0
1334275200,-1.0
1334296800,-1.0
1334318400,-1.0
1334340000,-1.0
1334361600,-1.0
1334383200,-1.0
1334404800,-1.0
1334426400,-1.0
1334448000,-1.0
1334469600,-1.0
1334491200,-1.0
1334512800,-1.0
1334534400,-1.0
1334556000,-1.0
1334577600,-1.0
1334599200,-1.0
1334620800,-1.0
1334642400,-1.0
1334664000,-1.0
1334685600,-1.0
1334707200,-1.0
1334728800,-1.0
1334750400,-1.0
1334772000,-1.0
1334793600,-1.0
1334815200,-1.0
1334836800,-1.0
1334858400,-1.0
1334880000,-1.0
1334901600,-1.0
1334923200,-1.0
1334944800,-1.0
1334966400,-1.0
1334988000,-1.0
1335009600,-1.0
1335031200,-1.0
1335052800,-1.0
1335074400,-1.0
1335096000,-1.0
1335117600,-1.0
1335139200,-1.0
1335160800,-1.0
1335182400,-1.0
1335204000,-1.0
1335225600,-1.0
1335247200,-1.0
1335268800,-1.0
1335290400,-1.0
1335312000,-1.0
1335333600,-1.0
1335355200,-1.0
1335376800,-1.0
1335398400,-1.0
1335420000,-1.0
1335441600,-1.0
1335463200,-1.0
1335484800,-1.0
1335506400,-1.0
1335528000,-1.0
1335549600,-1.0
1335571200,-1.0
1335592800,-1.0
1335614400,-1.0
1335636000,-1.0
1335657600,-1.0
1335679200,-1.0
1335700800,-1.0
1335722400,-1.0
1335744000,-1.0
1335765600,-1.0
1335787200,-1.0
1335808800,-1.0
1335830400,-1.0
1335852000,-1.0
1335873600,-1.0
1335895200,-1.0
1335916800,-1.0
1335938400,-1.0
1335960000,-1.0
1335981600,-1.0
1336003200,-1.0
1336024800,-1.0
1336046400,-1.0
1336068000,-1.0
1336089600,-1.0
1336111200,-1.0
1336132800,-1.0
1336154400,-1.0
1336176000,-1.0
1336197600,-1.0
1336219200,-1.0
1336240800,-1.0
1336262400,-1.0
1336284000,-1.0
1336305600,-1.0
1336327200,-1.0
1336348800,-1.0
1336370400,-1.0
1336392000,-1.0
1336413600,-1.0
1336435200,-1.0
1336456800,-1.0
1336478400,-1.0
1336500000,-1.0
1336521600,-1.0
1336543200,-1.0
1336564800,-1.0
1336586400,-1.0
1336608000,-1.0
1336629600,-1.0
1336651200,-1.0
1336672800,-1.0
1336694400,-1.0
1336716000,-1.0
1336737600,-1.0
1336759200,-1.0
1336780800,-1.0
1336802400,-1.0
1336824000,-1.0
1336845600,-1.0
1336867200,-1.0
1336888800,-1.0
1336910400,-1.0
1336932000,-1.0
1336953600,-1.0
1336975200,-1.0
1336996800,-1.0
1337018400,-1.0
1337040000,-1.0
1337061600,-1.0
1337083200,-1.0
1337104800,-1.0
1337126400,-1.0
1337148000,-1.0
1337169600,-1.0
1337191200,-1.0
1337212800,-1.0
1337234400,-1.0
1337256000,-1.0
1337277600,-1.0
1337299200,-1.0
1337320800,-1.0
1337342400,-1.0
1337364000,-1.0
1337385600,-1.0
1337407200,-1.0
1337428800,-1.0
1337450400,-1.0
1337472000,-1.0
1337493600,-1.0
1337515200,-1.0
1337536800,-1.0
1337558400,-1.0
1337580000,-1.0
1337601600,-1.0
1337623200,-1.0
1337644800,-1.0
1337666400,-1.0
1337688000,-1.0
1337709600,-1.0
1337731200,-1.0
1337752800,-1.0
1337774400,-1.0
1337796000,-1.0
1337817600,-1.0
1337839200,-1.0
1337860800,-1.0
1337882400,-1.0
1337904000,-1.0
1337925600,-1.0
1337947200,-1.0
1337968800,-1.0
1337990400,-1.0
1338012000,-1.0
1338033600,-1.0
1338055200,-1.0
1338076800,-1.0
1338098400,-1.0
1338120000,-1.0
1338141600,-1.0
1338163200,-1.0
1338184800,-1.0
1338206400,-1.0
1338228000,-1.0
1338249600,-1.0
1338271200,-1.0
1338292800,-1.0
1338314400,-1.0
1338336000,-1.0
1338357600,-1.0
1338379200,-1.0
1338400800,-1.0
1338422400,-1.0
1338444000,-1.0
1338465600,-1.0
1338487200,-1.0
1338508800,-1.0
1338530400,-1.0
1338552000,-1.0
1338573600,-1.0
1338595200,-1.0
1338616800,-1.0
1338638400,-1.0
1338660000,-1.0
1338681600,-1.0
1338703200,-1.0
1338724800,-1.0
1338746400,-1.0
1338768000,-1.0
1338789600,-1.0
1338811200,-1.0
1338832800,-1.0
1338854400,-1.0
1338876000,-1.0
1338897600,-1.0
1338919200,-1.0
1338940800,-1.0
1338962400,-1.0
1338984000,-1.0
1339005600,-1.0
1339027200,-1.0
1339048800,-1.0
1339070400,-1.0
1339092000,-1.0
1339113600,-1.0
1339135200,-1.0
1339156800,-1.0
1339178400,-1.0
1339200000,-1.0
1339221600,-1.0
1339243200,-1.0
1339264800,-1.0
1339286400,-1.0
1339308000,-1.0
1339329600,-1.0
1339351200,-1.0
1339372800,-1.0
1339394400,-1.0
1339416000,-1.0
1339437600,-1.0
1339459200,-1.0
1339480800,-1.0
1339502400,-1.0
1339524000,-1.0
1339545600,-1.0
1339567200,-1.0
1339588800,-1.0
1339610400,-1.0
1339632000,-1.0
1339653600,-1.0
1339675200,-1.0
1339696800,-1.0
1339718400,-1.0
1339740000,-1.0
1339761600,-1.0
1339783200,-1.0
1339804800,-1.0
1339826400,-1.0
1339848000,-1.0
1339869600,-1.0
1339891200,-1.0
1339912800,-1.0
1339934400,-1.0
1339956000,-1.0
1339977600,-1.0
1339999200,-1.0
1340020800,-1.0
1340042400,-1.0
1340064000,-1.0
1340085600,-1.0
1340107200,-1.0
1340128800,-1.0
1340150400,-1.0
1340172000,-1.0
1340193600,-1.0
1340215200,-1.0
1340236800,-1.0
1340258400,-1.0
1340280000,-1.0
1340301600,-1.0
1340323200,-1.0
1340344800,-1.0
1340366400,-1.0
1340388000,-1.0
1340409600,-1.0
1340431200,-1.0
1340452800,-1.0
1340474400,-1.0
1340496000,-1.0
1340517600,-1.0
1340539200,-1.0
1340560800,-1.0
1340582400,-1.0
1340604000,-1.0
1340625600,-1.0
1340647200,-1.0
1340668800,-1.0
1340690400,-1.0
1340712000,-1.0
1340733600,-1.0
1340755200,-1.0
1340776800,-1.0
1340798400,-1.0
1340820000,-1.0
1340841600,-1.0
1340863200,-1.0
1340884800,-1.0
1340906400,-1.0
1340928000,-1.0
1340949600,-1.0
1340971200,-1.0
1340992800,-1.0
1341014400,-1.0
1341036000,-1.0
1341057600,-1.0
1341079200,-1.0
1341100800,-1.0
1341122400,-1.0
1341144000,-1.0
1341165600,-1.0
1341187200,-1.0
1341208800,-1.0
1341230400,-1.0
1341252000,-1.0
1341273600,-1.0
1341295200,-1.0
1341316800,-1.0
1341338400,-1.0
1341360000,-1.0
1341381600,-1.0
1341403200,-1.0
1341424800,-1.0
1341446400,-1.0
1341468000,-1.0
1341489600,-1.0
1341511200,-1.0
1341532800,-1.0
1341554400,-1.0
1341576000,-1.0
1341597600,-1.0
1341619200,-1.0
1341640800,-1.0
1341662400,-1.0
1341684000,-1.0
1341705600,-1.0
1341727200,-1.0
1341748800,-1.0
1341770400,-1.0
1341792000,-1.0
1341813600,-1.0
1341835200,-1.0
1341856800,-1.0
1341878400,-1.0
1341900000,-1.0
1341921600,-1.0
1341943200,-1.0
1341964800,-1.0
1341986400,-1.0
1342008000,-1.0
1342029600,-1.0
1342051200,-1.0
1342072800,-1.0
1342094400,-1.0
1342116000,-1.0
1342137600,-1.0
1342159200,-1.0
1342180800,-1.0
1342202400,-1.0
1342224000,-1.0
1342245600,-1.0
1342267200,-1.0
1342288800,-1.0
1342310400,-1.0
1342332000,-1.0
1342353600,-1.0
1342375200,-1.0
1342396800,-1.0
1342418400,-1.0
1342440000,-1.0
1342461600,-1.0
1342483200,-1.0
1342504800,-1.0
1342526400,-1.0
1342548000,-1.0
1342569600,-1.0
1342591200,-1.0
1342612800,-1.0
1342634400,-1.0
1342656000,-1.0
1342677600,-1.0
1342699200,-1.0
1342720800,-1.0
1342742400,-1.0
1342764000,-1.0
1342785600,-1.0
1342807200,-1.0
1342828800,-1.0
1342850400,-1.0
1342872000,-1.0
1342893600,-1.0
1342915200,-1.0
1342936800,-1.0
1342958400,-1.0
1342980000,-1.0
1343001600,-1.0
1343023200,-1.0
1343044800,-1.0
1343066400,-1.0
1343088000,-1.0
1343109600,-1.0
1343131200,-1.0
1343152800,-1.0
1343174400,-1.0
1343196000,-1.0
1343217600,-1.0
1343239200,-1.0
1343260800,-1.0
1343282400,-1.0
1343304000,-1.0
1343325600,-1.0
1343347200,-1.0
1343368800,-1.0
1343390400,-1.0
1343412000,-1.0
1343433600,-1.0
1343455200,-1.0
1343476800,-1.0
1343498400,-1.0
1343520000,-1.0
1343541600,-1.0
1343563200,-1.0
1343584800,-1.0
1343606400,-1.0
1343628000,-1.0
1343649600,-1.0
1343671200,-1.0
1343692800,-1.0
1343714400,-1.0
1343736000,-1.0
1343757600,-1.0
1343779200,-1.0
1343800800,-1.0
1343822400,-1.0
1343844000,-1.0
1343865600,-1.0
1343887200,-1.0
1343908800,-1.0
1343930400,-1.0
1343952000,-1.0
1343973600,-1.0
1343995200,-1.0
1344016800,-1.0
1344038400,-1.0
1344060000,-1.0
1344081600,-1.0
1344103200,-1.0
1344124800,-1.0
1344146400,-1.0
1344168000,-1.0
1344189600,-1.0
1344211200,-1.0
1344232800,-1.0
1344254400,-1.0
1344276000,-1.0
1344297600,-1.0
1344319200,-1.0
1344340800,-1.0
1344362400,-1.0
1344384000,-1.0
1344405600,-1.0
1344427200,-1.0
1344448800,-1.0
1344470400,-1.0
1344492000,-1.0
1344513600,-1.0
1344535200,-1.0
1344556800,-1.0
1344578400,-1.0
1344600000,-1.0
1344621600,-1.0
1344643200,-1.0
1344664800,-1.0
1344686400,-1.0
1344708000,-1.0
1344729600,-1.0
1344751200,-1.0
1344772800,-1.0
1344794400,-1.0
1344816000,-1.0
1344837600,-1.0
1344859200,-1.0
1344880800,-1.0
1344902400,-1.0
1344924000,-1.0
1344945600,-1.0
1344967200,-1.0
1344988800,-1.0
1345010400,-1.0
1345032000,-1.0
1345053600,-1.0
1345075200,-1.0
1345096800,-1.0
1345118400,-1.0
1345140000,-1.0
1345161600,-1.0
1345183200,-1.0
1345204800,-1.0
1345226400,-1.0
1345248000,-1.0
1345269600,-1.0
1345291200,-1.0
1345312800,-1.0
1345334400,-1.0
1345356000,-1.0
1345377600,-1.0
1345399200,-1.0
1345420800,-1.0
1345442400,-1.0
1345464000,-1.0
1345485600,-1.0
1345507200,-1.0
1345528800,-1.0
1345550400,-1.0
1345572000,-1.0
1345593600,-1.0
1345615200,-1.0
1345636800,-1.0
1345658400,-1.0
1345680000,-1.0
1345701600,-1.0
1345723200,-1.0
1345744800,-1.0
1345766400,-1.0
1345788000,-1.0
1345809600,-1.0
1345831200,-1.0
1345852800,-1.0
1345874400,-1.0
1345896000,-1.0
1345917600,-1.0
1345939200,-1.0
1345960800,-1.0
1345982400,-1.0
1346004000,-1.0
1346025600,-1.0
1346047200,-1.0
1346068800,-1.0
1346090400,-1.0
1346112000,-1.0
1346133600,-1.0
1346155200,-1.0
1346176800,-1.0
1346198400,-1.0
1346220000,-1.0
1346241600,-1.0
1346263200,-1.0
1346284800,-1.0
1346306400,-1.0
1346328000,-1.0
1346349600,-1.0
1346371200,-1.0
1346392800,-1.0
1346414400,-1.0
1346436000,-1.0
1346457600,-1.0
1346479200,-1.0
1346500800,-1.0
1346522400,-1.0
1346544000,-1.0
1346565600,-1.0
1346587200,-1.0
1346608800,-1.0
1346630400,-1.0
1346652000,-1.0
1346673600,-1.0
1346695200,-1.0
1346716800,-1.0
1346738400,-1.0
1346760000,-1.0
1346781600,-1.0
1346803200,-1.0
1346824800,-1.0
1346846400,-1.0
1346868000,-1.0
1346889600,-1.0
1346911200,-1.0
1346932800,-1.0
1346954400,-1.0
1346976000,-1.0
1346997600,-1.0
1347019200,-1.0
1347040800,-1.0
1347062400,-1.0
1347084000,-1.0
1347105600,-1.0
1347127200,-1.0
1347148800,-1.0
1347170400,-1.0
1347192000,-1.0
1347213600,-1.0
1347235200,-1.0
1347256800,-1.0
1347278400,-1.0
1347300000,-1.0
1347321600,-1.0
1347343200,-1.0
1347364800,-1.0
1347386400,-1.0
1347408000,-1.0
1347429600,-1.0
1347451200,-1.0
1347472800,-1.0
1347494400,-1.0
1347516000,-1.0
1347537600,-1.0
1347559200,-1.0
1347580800,-1.0
1347602400,-1.0
1347624000,-1.0
1347645600,-1.0
1347667200,-1.0
1347688800,-1.0
1347710400,-1.0
1347732000,-1.0
1347753600,-1.0
1347775200,-1.0
1347796800,-1.0
1347818400,-1.0
1347840000,-1.0
1347861600,-1.0
1347883200,-1.0
1347904800,-1.0
1347926400,-1.0
1347948000,-1.0
1347969600,-1.0
1347991200,-1.0
1348012800,-1.0
1348034400,-1.0
1348056000,-1.0
1348077600,-1.0
1348099200,-1.0
1348120800,-1.0
1348142400,-1.0
1348164000,-1.0
1348185600,-1.0
1348207200,-1.0
1348228800,-1.0
1348250400,-1.0
1348272000,-1.0
1348293600,-1.0
1348315200,-1.0
1348336800,-1.0
1348358400,-1.0
1348380000,-1.0
1348401600,-1.0
1348423200,-1.0
1348444800,-1.0
1348466400,-1.0
1348488000,-1.0
1348509600,-1.0
1348531200,-1.0
1348552800,-1.0
1348574400,-1.0
1348596000,-1.0
1348617600,-1.0
1348639200,-1.0
1348660800,-1.0
1348682400,-1.0
1348704000,-1.0
1348725600,-1.0
1348747200,-1.0
1348768800,-1.0
1348790400,-1.0
1348812000,-1.0
1348833600,-1.0
1348855200,-1.0
1348876800,-1.0
1348898400,-1.0
1348920000,-1.0
1348941600,-1.0
1348963200,-1.0
1348984800,-1.0
1349006400,-1.0
1349028000,-1.0
1349049600,-1.0
1349071200,-1.0
1349092800,-1.0
1349114400,-1.0
1349136000,-1.0
1349157600,-1.0
1349179200,-1.0
1349200800,-1.0
1349222400,-1.0
1349244000,-1.0
1349265600,-1.0
1349287200,-1.0
1349308800,-1.0
1349330400,-1.0
1349352000,-1.0
1349373600,-1.0
1349395200,-1.0
1349416800,-1.0
1349438400,-1.0
1349460000,-1.0
1349481600,-1.0
1349503200,-1.0
1349524800,-1.0
1349546400,-1.0
1349568000,-1.0
1349589600,-1.0
1349611200,-1.0
1349632800,-1.0
1349654400,-1.0
1349676000,-1.0
1349697600,-1.0
1349719200,-1.0
1349740800,-1.0
1349762400,-1.0
1349784000,-1.0
1349805600,-1.0
1349827200,-1.0
1349848800,-1.0
1349870400,-1.0
1349892000,-1.0
1349913600,-1.0
1349935200,-1.0
1349956800,-1.0
1349978400,-1.0
1350000000,-1.0
1350021600,-1.0
1350043200,-1.0
1350064800,-1.0
1350086400,-1.0
1350108000,-1.0
1350129600,-1.0
1350151200,-1.0
1350172800,-1.0
1350194400,-1.0
1350216000,-1.0
1350237600,-1.0
1350259200,-1.0
1350280800,-1.0
1350302400,-1.0
1350324000,-1.0
1350345600,-1.0
1350367200,-1.0
1350388800,-1.0
1350410400,-1.0
1350432000,-1.0
1350453600,-1.0
1350475200,-1.0
1350496800,-1.0
1350518400,-1.0
1350540000,-1.0
1350561600,-1.0
1350583200,-1.0
1350604800,-1.0
1350626400,-1.0
1350648000,-1.0
1350669600,-1.0
1350691200,-1.0
1350712800,-1.0
1350734400,-1.0
1350756000,-1.0
1350777600,-1.0
1350799200,-1.0
1350820800,-1.0
1350842400,-1.0
1350864000,-1.0
1350885600,-1.0
1350907200,-1.0
1350928800,-1.0
1350950400,-1.0
1350972000,-1.0
1350993600,-1.0
1351015200,-1.0
1351036800,-1.0
1351058400,-1.0
1351080000,-1.0
1351101600,-1.0
1351123200,-1.0
1351144800,-1.0
1351166400,-1.0
1351188000,-1.0
1351209600,-1.0
1351231200,-1.0
1351252800,-1.0
1351274400,-1.0
1351296000,-1.0
1351317600,-1.0
1351339200,-1.0
1351360800,-1.0
1351382400,-1.0
1351404000,-1.0
1351425600,-1.0
1351447200,-1.0
1351468800,-1.0
1351490400,-1.0
1351512000,-1.0
1351533600,-1.0
1351555200,-1.0
1351576800,-1.0
1351598400,-1.0
1351620000,-1.0
1351641600,-1.0
1351663200,-1.0
1351684800,-1.0
1351706400,-1.0
1351728000,-1.0
1351749600,-1.0
1351771200,-1.0
1351792800,-1.0
1351814400,-1.0
1351836000,-1.0
1351857600,-1.0
1351879200,-1.0
1351900800,-1.0
1351922400,-1.0
1351944000,-1.0
1351965600,-1.0
1351987200,-1.0
1352008800,-1.0
1352030400,-1.0
1352052000,-1.0
1352073600,-1.0
1352095200,-1.0
1352116800,-1.0
1352138400,-1.0
1352160000,-1.0
1352181600,-1.0
1352203200,-1.0
1352224800,-1.0
1352246400,-1.0
1352268000,-1.0
1352289600,-1.0
1352311200,-1.0
1352332800,-1.0
1352354400,-1.0
1352376000,-1.0
1352397600,-1.0
1352419200,-1.0
1352440800,-1.0
1352462400,-1.0
1352484000,-1.0
1352505600,-1.0
1352527200,-1.0
1352548800,-1.0
1352570400,-1.0
1352592000,-1.0
1352613600,-1.0
1352635200,-1.0
1352656800,-1.0
1352678400,-1.0
1352700000,-1.0
1352721600,-1.0
1352743200,-1.0
1352764800,-1.0
1352786400,-1.0
1352808000,-1.0
1352829600,-1.0
1352851200,-1.0
1352872800,-1.0
1352894400,-1.0
1352916000,-1.0
1352937600,-1.0
1352959200,-1.0
1352980800,-1.0
1353002400,-1.0
1353024000,-1.0
1353045600,-1.0
1353067200,-1.0
1353088800,-1.0
1353110400,-1.0
1353132000,-1.0
1353153600,-1.0
1353175200,-1.0
1353196800,-1.0
1353218400,-1.0
1353240000,-1.0
1353261600,-1.0
1353283200,-1.0
1353304800,-1.0
1353326400,-1.0
1353348000,-1.0
1353369600,-1.0
1353391200,-1.0
1353412800,-1.0
1353434400,-1.0
1353456000,-1.0
1353477600,-1.0
1353499200,-1.0
1353520800,-1.0
1353542400,-1.0
1353564000,-1.0
1353585600,-1.0
1353607200,-1.0
1353628800,-1.0
1353650400,-1.0
1353672000,-1.0
1353693600,-1.0
1353715200,-1.0
1353736800,-1.0
1353758400,-1.0
1353780000,-1.0
1353801600,-1.0
1353823200,-1.0
1353844800,-1.0
1353866400,-1.0
1353888000,-1.0
1353909600,-1.0
1353931200,-1.0
1353952800,-1.0
1353974400,-1.0
1353996000,-1.0
1354017600,-1.0
1354039200,-1.0
1354060800,-1.0
1354082400,-1.0
1354104000,-1.0
1354125600,-1.0
1354147200,-1.0
1354168800,-1.0
1354190400,-1.0
1354212000,-1.0
1354233600,-1.0
1354255200,-1.0
1354276800,-1.0
1354298400,-1.0
1354320000,-1.0
1354341600,-1.0
1354363200,-1.0
1354384800,-1.0
1354406400,-1.0
1354428000,-1.0
1354449600,-1.0
1354471200,-1.0
1354492800,-1.0
1354514400,-1.0
1354536000,-1.0
1354557600,-1.0
1354579200,-1.0
1354600800,-1.0
1354622400,-1.0
1354644000,-1.0
1354665600,-1.0
1354687200,-1.0
1354708800,-1.0
1354730400,-1.0
1354752000,-1.0
1354773600,-1.0
1354795200,-1.0
1354816800,-1.0
1354838400,-1.0
1354860000,-1.0
1354881600,-1.0
1354903200,-1.0
1354924800,-1.0
1354946400,-1.0
1354968000,-1.0
1354989600,-1.0
1355011200,-1.0
1355032800,-1.0
1355054400,-1.0
1355076000,-1.0
1355097600,-1.0
1355119200,-1.0
1355140800,-1.0
1355162400,-1.0
1355184000,-1.0
1355205600,-1.0
1355227200,-1.0
1355248800,-1.0
1355270400,-1.0
1355292000,-1.0
1355313600,-1.0
1355335200,-1.0
1355356800,-1.0
1355378400,-1.0
1355400000,-1.0
1355421600,-1.0
1355443200,-1.0
1355464800,-1.0
1355486400,-1.0
1355508000,-1.0
1355529600,-1.0
1355551200,-1.0
1355572800,-1.0
1355594400,-1.0
1355616000,-1.0
1355637600,-1.0
1355659200,-1.0
1355680800,-1.0
1355702400,-1.0
1355724000,-1.0
1355745600,-1.0
1355767200,-1.0
1355788800,-1.0
1355810400,-1.0
1355832000,-1.0
1355853600,-1.0
1355875200,-1.0
1355896800,-1.0
1355918400,-1.0
1355940000,-1.0
1355961600,-1.0
1355983200,-1.0
1356004800,-1.0
1356026400,-1.0
1356048000,-1.0
1356069600,-1.0
1356091200,-1.0
1356112800,-1.0
1356134400,-1.0
1356156000,-1.0
1356177600,-1.0
1356199200,-1.0
1356220800,-1.0
1356242400,-1.0
1356264000,-1.0
1356285600,-1.0
1356307200,-1.0
1356328800,-1.0
1356350400,-1.0
1356372000,-1.0
1356393600,-1.0
1356415200,-1.0
1356436800,-1.0
1356458400,-1.0
1356480000,-1.0
1356501600,-1.0
1356523200,-1.0
1356544800,-1.0
1356566400,-1.0
1356588000,-1.0
1356609600,-1.0
1356631200,-1.0
1356652800,-1.0
1356674400,-1.0
1356696000,-1.0
1356717600,-1.0
1356739200,-1.0
1356760800,-1.0
1356782400,-1.0
1356804000,-1.0
1356825600,-1.0
1356847200,-1.0
1356868800,-1.0
1356890400,-1.0
1356912000,-1.0
1356933600,-1.0
1356955200,-1.0
1356976800,-1.0
1356998400,-1.0
1357020000,-1.0
1357041600,-1.0
1357063200,-1.0
1357084800,-1.0
1357106400,-1.0
1357128000,-1.0
1357149600,-1.0
1357171200,-1.0
1357192800,-1.0
1357214400,-1.0
1357236000,-1.0
1357257600,-1.0
1357279200,-1.0
1357300800,-1.0
1357322400,-1.0
1357344000,-1.0
1357365600,-1.0
1357387200,-1.0
1357408800,-1.0
1357430400,-1.0
1357452000,-1.0
1357473600,-1.0
1357495200,-1.0
1357516800,-1.0
1357538400,-1.0
1357560000,-1.0
1357581600,-1.0
1357603200,-1.0
1357624800,-1.0
1357646400,-1.0
1357668000,-1.0
1357689600,-1.0
1357711200,-1.0
1357732800,-1.0
1357754400,-1.0
1357776000,-1.0
1357797600,-1.0
1357819200,-1.0
1357840800,-1.0
1357862400,-1.0
1357884000,-1.0
1357905600,-1.0
1357927200,-1.0
1357948800,-1.0
1357970400,-1.0
1357992000,-1.0
1358013600,-1.0
1358035200,-1.0
1358056800,-1.0
1358078400,-1.0
1358100000,-1.0
1358121600,-1.0
1358143200,-1.0
1358164800,-1.0
1358186400,-1.0
1358208000,-1.0
1358229600,-1.0
1358251200,-1.0
1358272800,-1.0
1358294400,-1.0
1358316000,-1.0
1358337600,-1.0
1358359200,-1.0
1358380800,-1.0
1358402400,-1.0
1358424000,-1.0
1358445600,-1.0
1358467200,-1.0
1358488800,-1.0
1358510400,-1.0
1358532000,-1.0
1358553600,-1.0
1358575200,-1.0
1358596800,-1.0
1358618400,-1.0
1358640000,-1.0
1358661600,-1.0
1358683200,-1.0
1358704800,-1.0
1358726400,-1.0
1358748000,-1.0
1358769600,-1.0
1358791200,-1.0
1358812800,-1.0
1358834400,-1.0
1358856000,-1.0
1358877600,-1.0
1358899200,-1.0
1358920800,-1.0
1358942400,-1.0
1358964000,-1.0
1358985600,-1.0
1359007200,-1.0
1359028800,-1.0
1359050400,-1.0
1359072000,-1.0
1359093600,-1.0
1359115200,-1.0
1359136800,-1.0
1359158400,-1.0
1359180000,-1.0
1359201600,-1.0
1359223200,-1.0
1359244800,-1.0
1359266400,-1.0
1359288000,-1.0
1359309600,-1.0
1359331200,-1.0
1359352800,-1.0
1359374400,-1.0
1359396000,-1.0
1359417600,-1.0
1359439200,-1.0
1359460800,-1.0
1359482400,-1.0
1359504000,-1.0
1359525600,-1.0
1359547200,-1.0
1359568800,-1.0
1359590400,-1.0
1359612000,-1.0
1359633600,-1.0
1359655200,-1.0
1359676800,-1.0
1359698400,-1.0
1359720000,-1.0
1359741600,-1.0
1359763200,-1.0
1359784800,-1.0
1359806400,-1.0
1359828000,-1.0
1359849600,-1.0
1359871200,-1.0
1359892800,-1.0
1359914400,-1.0
1359936000,-1.0
1359957600,-1.0
1359979200,-1.0
1360000800,-1.0
1360022400,-1.0
1360044000,-1.0
1360065600,-1.0
1360087200,-1.0
1360108800,-1.0
1360130400,-1.0
1360152000,-1.0
1360173600,-1.0
1360195200,-1.0
1360216800,-1.0
1360238400,-1.0
1360260000,-1.0
1360281600,-1.0
1360303200,-1.0
1360324800,-1.0
1360346400,-1.0
1360368000,-1.0
1360389600,-1.0
1360411200,-1.0
1360432800,-1.0
1360454400,-1.0
1360476000,-1.0
1360497600,-1.0
1360519200,-1.0
1360540800,-1.0
1360562400,-1.0
1360584000,-1.0
1360605600,-1.0
1360627200,-1.0
1360648800,-1.0
1360670400,-1.0
1360692000,-1.0
1360713600,-1.0
1360735200,-1.0
1360756800,-1.0
1360778400,-1.0
1360800000,-1.0
1360821600,-1.0
1360843200,-1.0
1360864800,-1.0
1360886400,-1.0
1360908000,-1.0
1360929600,-1.0
1360951200,-1.0
1360972800,-1.0
1360994400,-1.0
1361016000,-1.0
1361037600,-1.0
1361059200,-1.0
1361080800,-1.0
1361102400,-1.0
1361124000,-1.0
1361145600,-1.0
1361167200,-1.0
1361188800,-1.0
1361210400,-1.0
1361232000,-1.0
1361253600,-1.0
1361275200,-1.0
1361296800,-1.0
1361318400,-1.0
1361340000,-1.0
1361361600,-1.0
1361383200,-1.0
1361404800,-1.0
1361426400,-1.0
1361448000,-1.0
1361469600,-1.0
1361491200,-1.0
1361512800,-1.0
1361534400,-1.0
1361556000,-1.0
1361577600,-1.0
1361599200,-1.0
1361620800,-1.0
1361642400,-1.0
1361664000,-1.0
1361685600,-1.0
1361707200,-1.0
1361728800,-1.0
1361750400,-1.0
1361772000,-1.0
1361793600,-1.0
1361815200,-1.0
1361836800,-1.0
1361858400,-1.0
1361880000,-1.0
1361901600,-1.0
1361923200,-1.0
1361944800,-1.0
1361966400,-1.0
1361988000,-1.0
1362009600,-1.0
1362031200,-1.0
1362052800,-1.0
1362074400,-1.0
1362096000,-1.0
1362117600,-1.0
1362139200,-1.0
1362160800,-1.0
1362182400,-1.0
1362204000,-1.0
1362225600,-1.0
1362247200,-1.0
1362268800,-1.0
1362290400,-1.0
1362312000,-1.0
1362333600,-1.0
1362355200,-1.0
1362376800,-1.0
1362398400,-1.0
1362420000,-1.0
1362441600,-1.0
1362463200,-1.0
1362484800,-1.0
1362506400,-1.0
1362528000,-1.0
1362549600,-1.0
1362571200,-1.0
1362592800,-1.0
1362614400,-1.0
1362636000,-1.0
1362657600,-1.0
1362679200,-1.0
1362700800,-1.0
1362722400,-1.0
1362744000,-1.0
1362765600,-1.0
1362787200,-1.0
1362808800,-1.0
1362830400,-1.0
1362852000,-1.0
1362873600,-1.0
1362895200,-1.0
1362916800,-1.0
1362938400,-1.0
1362960000,-1.0
1362981600,-1.0
1363003200,-1.0
1363024800,-1.0
1363046400,-1.0
1363068000,-1.0
1363089600,-1.0
1363111200,-1.0
1363132800,-1.0
1363154400,-1.0
1363176000,-1.0
1363197600,-1.0
1363219200,-1.0
1363240800,-1.0
1363262400,-1.0
1363284000,-1.0
1363305600,-1.0
1363327200,-1.0
1363348800,-1.0
1363370400,-1.0
1363392000,-1.0
1363413600,-1.0
1363435200,-1.0
1363456800,-1.0
1363478400,-1.0
1363500000,-1.0
1363521600,-1.0
1363543200,-1.0
1363564800,-1.0
1363586400,-1.0
1363608000,-1.0
1363629600,-1.0
1363651200,-1.0
1363672800,-1.0
1363694400,-1.0
1363716000,-1.0
1363737600,-1.0
1363759200,-1.0
1363780800,-1.0
1363802400,-1.0
1363824000,-1.0
1363845600,-1.0
1363867200,-1.0
1363888800,-1.0
1363910400,-1.0
1363932000,-1.0
1363953600,-1.0
1363975200,-1.0
1363996800,-1.0
1364018400,-1.0
1364040000,-1.0
1364061600,-1.0
1364083200,-1.0
1364104800,-1.0
1364126400,-1.0
1364148000,-1.0
1364169600,-1.0
1364191200,-1.0
1364212800,-1.0
1364234400,-1.0
1364256000,-1.0
1364277600,-1.0
1364299200,-1.0
1364320800,-1.0
1364342400,-1.0
1364364000,-1.0
1364385600,-1.0
1364407200,-1.0
1364428800,-1.0
1364450400,-1.0
1364472000,-1.0
1364493600,-1.0
1364515200,-1.0
1364536800,-1.0
1364558400,-1.0
1364580000,-1.0
1364601600,-1.0
1364623200,-1.0
1364644800,-1.0
1364666400,-1.0
1364688000,-1.0
1364709600,-1.0
1364731200,-1.0
1364752800,-1.0
1364774400,-1.0
1364796000,-1.0
1364817600,-1.0
1364839200,-1.0
1364860800,-1.0
1364882400,-1.0
1364904000,-1.0
1364925600,-1.0
1364947200,-1.0
1364968800,-1.0
1364990400,-1.0
1365012000,-1.0
1365033600,-1.0
1365055200,-1.0
1365076800,-1.0
1365098400,-1.0
1365120000,-1.0
1365141600,-1.0
1365163200,-1.0
1365184800,-1.0
1365206400,-1.0
1365228000,-1.0
1365249600,-1.0
1365271200,-1.0
1365292800,-1.0
1365314400,-1.0
1365336000,-1.0
1365357600,-1.0
1365379200,-1.0
1365400800,-1.0
1365422400,-1.0
1365444000,-1.0
1365465600,-1.0
1365487200,-1.0
1365508800,-1.0
1365530400,-1.0
1365552000,-1.0
1365573600,-1.0
1365595200,-1.0
1365616800,-1.0
1365638400,-1.0
1365660000,-1.0
1365681600,-1.0
1365703200,-1.0
1365724800,-1.0
1365746400,-1.0
1365768000,-1.0
1365789600,-1.0
1365811200,-1.0
1365832800,-1.0
1365854400,-1.0
1365876000,-1.0
1365897600,-1.0
1365919200,-1.0
1365940800,-1.0
1365962400,-1.0
1365984000,-1.0
1366005600,-1.0
1366027200,-1.0
1366048800,-1.0
1366070400,-1.0
1366092000,-1.0
1366113600,-1.0
1366135200,-1.0
1366156800,-1.0
1366178400,-1.0
1366200000,-1.0
1366221600,-1.0
1366243200,-1.0
1366264800,-1.0
1366286400,-1.0
1366308000,-1.0
1366329600,-1.0
1366351200,-1.0
1366372800,-1.0
1366394400,-1.0
1366416000,-1.0
1366437600,-1.0
1366459200,-1.0
1366480800,-1.0
1366502400,-1.0
1366524000,-1.0
1366545600,-1.0
1366567200,-1.0
1366588800,-1.0
1366610400,-1.0
1366632000,-1.0
1366653600,-1.0
1366675200,-1.0
1366696800,-1.0
1366718400,-1.0
1366740000,-1.0
1366761600,-1.0
1366783200,-1.0
1366804800,-1.0
1366826400,-1.0
1366848000,-1.0
1366869600,-1.0
1366891200,-1.0
1366912800,-1.0
1366934400,-1.0
1366956000,-1.0
1366977600,-1.0
1366999200,-1.0
1367020800,-1.0
1367042400,-1.0
1367064000,-1.0
1367085600,-1.0
1367107200,-1.0
1367128800,-1.0
1367150400,-1.0
1367172000,-1.0
1367193600,-1.0
1367215200,-1.0
1367236800,-1.0
1367258400,-1.0
1367280000,-1.0
1367301600,-1.0
1367323200,-1.0
1367344800,-1.0
1367366400,-1.0
1367388000,-1.0
1367409600,-1.0
1367431200,-1.0
1367452800,-1.0
1367474400,-1.0
1367496000,-1.0
1367517600,-1.0
1367539200,-1.0
1367560800,-1.0
1367582400,-1.0
1367604000,-1.0
1367625600,-1.0
1367647200,-1.0
1367668800,-1.0
1367690400,-1.0
1367712000,-1.0
1367733600,-1.0
1367755200,-1.0
1367776800,-1.0
1367798400,-1.0
1367820000,-1.0
1367841600,-1.0
1367863200,-1.0
1367884800,-1.0
1367906400,-1.0
1367928000,-1.0
1367949600,-1.0
1367971200,-1.0
1367992800,-1.0
1368014400,-1.0
1368036000,-1.0
1368057600,-1.0
1368079200,-1.0
1368100800,-1.0
1368122400,-1.0
1368144000,-1.0
1368165600,-1.0
1368187200,-1.0
1368208800,-1.0
1368230400,-1.0
1368252000,-1.0
1368273600,-1.0
1368295200,-1.0
1368316800,-1.0
1368338400,-1.0
1368360000,-1.0
1368381600,-1.0
1368403200,-1.0
1368424800,-1.0
1368446400,-1.0
1368468000,-1.0
1368489600,-1.0
1368511200,-1.0
1368532800,-1.0
1368554400,-1.0
1368576000,-1.0
1368597600,-1.0
1368619200,-1.0
1368640800,-1.0
1368662400,-1.0
1368684000,-1.0
1368705600,-1.0
1368727200,-1.0
1368748800,-1.0
1368770400,-1.0
1368792000,-1.0
1368813600,-1.0
1368835200,-1.0
1368856800,-1.0
1368878400,-1.0
1368900000,-1.0
1368921600,-1.0
1368943200,-1.0
1368964800,-1.0
1368986400,-1.0
1369008000,-1.0
1369029600,-1.0
1369051200,-1.0
1369072800,-1.0
1369094400,-1.0
1369116000,-1.0
1369137600,-1.0
1369159200,-1.0
1369180800,-1.0
1369202400,-1.0
1369224000,-1.0
1369245600,-1.0
1369267200,-1.0
1369288800,-1.0
1369310400,-1.0
1369332000,-1.0
1369353600,-1.0
1369375200,-1.0
1369396800,-1.0
1369418400,-1.0
1369440000,-1.0
1369461600,-1.0
1369483200,-1.0
1369504800,-1.0
1369526400,-1.0
1369548000,-1.0
1369569600,-1.0
1369591200,-1.0
1369612800,-1.0
1369634400,-1.0
1369656000,-1.0
1369677600,-1.0
1369699200,-1.0
1369720800,-1.0
1369742400,-1.0
1369764000,-1.0
1369785600,-1.0
1369807200,-1.0
1369828800,-1.0
1369850400,-1.0
1369872000,-1.0
1369893600,-1.0
1369915200,-1.0
1369936800,-1.0
1369958400,-1.0
1369980000,-1.0
1370001600,-1.0
1370023200,-1.0
1370044800,-1.0
1370066400,-1.0
1370088000,-1.0
1370109600,-1.0
1370131200,-1.0
1370152800,-1.0
1370174400,-1.0
1370196000,-1.0
1370217600,-1.0
1370239200,-1.0
1370260800,-1.0
1370282400,-1.0
1370304000,-1.0
1370325600,-1.0
1370347200,-1.0
1370368800,-1.0
1370390400,-1.0
1370412000,-1.0
1370433600,-1.0
1370455200,-1.0
1370476800,-1.0
1370498400,-1.0
1370520000,-1.0
1370541600,-1.0
1370563200,-1.0
1370584800,-1.0
1370606400,-1.0
1370628000,-1.0
1370649600,-1.0
1370671200,-1.0
1370692800,-1.0
1370714400,-1.0
1370736000,-1.0
1370757600,-1.0
1370779200,-1.0
1370800800,-1.0
1370822400,-1.0
1370844000,-1.0
1370865600,-1.0
1370887200,-1.0
1370908800,-1.0
1370930400,-1.0
1370952000,-1.0
1370973600,-1.0
1370995200,-1.0
1371016800,-1.0
1371038400,-1.0
1371060000,-1.0
1371081600,-1.0
1371103200,-1.0
1371124800,-1.0
1371146400,-1.0
1371168000,-1.0
1371189600,-1.0
1371211200,-1.0
1371232800,-1.0
1371254400,-1.0
1371276000,-1.0
1371297600,-1.0
1371319200,-1.0
1371340800,-1.0
1371362400,-1.0
1371384000,-1.0
1371405600,-1.0
1371427200,-1.0
1371448800,-1.0
1371470400,-1.0
1371492000,-1.0
1371513600,-1.0
1371535200,-1.0
1371556800,-1.0
1371578400,-1.0
1371600000,-1.0
1371621600,-1.0
1371643200,-1.0
1371664800,-1.0
1371686400,-1.0
1371708000,-1.0
1371729600,-1.0
1371751200,-1.0
1371772800,-1.0
1371794400,-1.0
1371816000,-1.0
1371837600,-1.0
1371859200,-1.0
1371880800,-1.0
1371902400,-1.0
1371924000,-1.0
1371945600,-1.0
1371967200,-1.0
1371988800,-1.0
1372010400,-1.0
1372032000,-1.0
1372053600,-1.0
1372075200,-1.0
1372096800,-1.0
1372118400,-1.0
1372140000,-1.0
1372161600,-1.0
1372183200,-1.0
1372204800,-1.0
1372226400,-1.0
1372248000,-1.0
1372269600,-1.0
1372291200,-1.0
1372312800,-1.0
1372334400,-1.0
1372356000,-1.0
1372377600,-1.0
1372399200,-1.0
1372420800,-1.0
1372442400,-1.0
1372464000,-1.0
1372485600,-1.0
1372507200,-1.0
1372528800,-1.0
1372550400,-1.0
1372572000,-1.0
1372593600,-1.0
1372615200,-1.0
1372636800,-1.0
1372658400,-1.0
1372680000,-1.0
1372701600,-1.0
1372723200,-1.0
1372744800,-1.0
1372766400,-1.0
1372788000,-1.0
1372809600,-1.0
1372831200,-1.0
1372852800,-1.0
1372874400,-1.0
1372896000,-1.0
1372917600,-1.0
1372939200,-1.0
1372960800,-1.0
1372982400,-1.0
1373004000,-1.0
1373025600,-1.0
1373047200,-1.0
1373068800,-1.0
1373090400,-1.0
1373112000,-1.0
1373133600,-1.0
1373155200,-1.0
1373176800,-1.0
1373198400,-1.0
1373220000,-1.0
1373241600,-1.0
1373263200,-1.0
1373284800,-1.0
1373306400,-1.0
1373328000,-1.0
1373349600,-1.0
1373371200,-1.0
1373392800,-1.0
1373414400,-1.0
1373436000,-1.0
1373457600,-1.0
1373479200,-1.0
1373500800,-1.0
1373522400,-1.0
1373544000,-1.0
1373565600,-1.0
1373587200,-1.0
1373608800,-1.0
1373630400,-1.0
1373652000,-1.0
1373673600,-1.0
1373695200,-1.0
1373716800,-1.0
1373738400,-1.0
1373760000,1.0
1373781600,-1.0
1373803200,-1.0
1373824800,-1.0
1373846400,-1.0
1373868000,-1.0
1373889600,-1.0
1373911200,-1.0
1373932800,-1.0
1373954400,-1.0
1373976000,-1.0
1373997600,-1.0
1374019200,-1.0
1374040800,-1.0
1374062400,-1.0
1374084000,-1.0
1374105600,-1.0
1374127200,-1.0
1374148800,-1.0
1374170400,-1.0
1374192000,-1.0
1374213600,-1.0
1374235200,-1.0
1374256800,-1.0
1374278400,-1.0
1374300000,-1.0
1374321600,-1.0
1374343200,-1.0
1374364800,-1.0
1374386400,-1.0
1374408000,-1.0
1374429600,-1.0
1374451200,-1.0
1374472800,-1.0
1374494400,-1.0
1374516000,-1.0
1374537600,-1.0
1374559200,-1.0
1374580800,-1.0
1374602400,-1.0
1374624000,-1.0
1374645600,-1.0
1374667200,-1.0
1374688800,-1.0
1374710400,-1.0
1374732000,-1.0
1374753600,-1.0
1374775200,-1.0
1374796800,-1.0
1374818400,-1.0
1374840000,-1.0
1374861600,-1.0
1374883200,-1.0
1374904800,-1.0
1374926400,-1.0
1374948000,-1.0
1374969600,-1.0
1374991200,-1.0
1375012800,-1.0
1375034400,-1.0
1375056000,-1.0
1375077600,-1.0
1375099200,-1.0
1375120800,-1.0
1375142400,-1.0
1375164000,-1.0
1375185600,-1.0
1375207200,-1.0
1375228800,-1.0
1375250400,-1.0
1375272000,-1.0
1375293600,-1.0
1375315200,-1.0
1375336800,-1.0
1375358400,-1.0
1375380000,-1.0
1375401600,-1.0
1375423200,-1.0
1375444800,-1.0
1375466400,-1.0
1375488000,-1.0
1375509600,-1.0
1375531200,-1.0
1375552800,-1.0
1375574400,-1.0
1375596000,-1.0
1375617600,-1.0
1375639200,-1.0
1375660800,-1.0
1375682400,-1.0
1375704000,-1.0
1375725600,-1.0
1375747200,-1.0
1375768800,-1.0
1375790400,-1.0
1375812000,-1.0
1375833600,-1.0
1375855200,-1.0
1375876800,-1.0
1375898400,-1.0
1375920000,-1.0
1375941600,-1.0
1375963200,-1.0
1375984800,-1.0
1376006400,-1.0
1376028000,-1.0
1376049600,-1.0
1376071200,-1.0
1376092800,-1.0
1376114400,-1.0
1376136000,-1.0
1376157600,-1.0
1376179200,-1.0
1376200800,-1.0
1376222400,-1.0
1376244000,-1.0
1376265600,-1.0
1376287200,-1.0
1376308800,-1.0
1376330400,-1.0
1376352000,-1.0
1376373600,-1.0
1376395200,-1.0
1376416800,-1.0
1376438400,-1.0
1376460000,-1.0
1376481600,-1.0
1376503200,-1.0
1376524800,-1.0
1376546400,-1.0
1376568000,-1.0
1376589600,-1.0
1376611200,-1.0
1376632800,-1.0
1376654400,-1.0
1376676000,-1.0
1376697600,-1.0
1376719200,-1.0
1376740800,-1.0
1376762400,-1.0
1376784000,-1.0
1376805600,-1.0
1376827200,-1.0
1376848800,-1.0
1376870400,-1.0
1376892000,-1.0
1376913600,-1.0
1376935200,-1.0
1376956800,-1.0
1376978400,-1.0
1377000000,-1.0
1377021600,-1.0
1377043200,-1.0
1377064800,-1.0
1377086400,-1.0
1377108000,-1.0
1377129600,-1.0
1377151200,-1.0
1377172800,-1.0
1377194400,-1.0
1377216000,-1.0
1377237600,-1.0
1377259200,-1.0
1377280800,-1.0
1377302400,-1.0
1377324000,-1.0
1377345600,-1.0
1377367200,-1.0
1377388800,-1.0
1377410400,-1.0
1377432000,-1.0
1377453600,-1.0
1377475200,-1.0
1377496800,-1.0
1377518400,-1.0
1377540000,-1.0
1377561600,-1.0
1377583200,-1.0
1377604800,-1.0
1377626400,-1.0
1377648000,-1.0
1377669600,-1.0
1377691200,-1.0
1377712800,-1.0
1377734400,-1.0
1377756000,-1.0
1377777600,-1.0
1377799200,-1.0
1377820800,-1.0
1377842400,-1.0
1377864000,-1.0
1377885600,-1.0
1377907200,-1.0
1377928800,-1.0
1377950400,-1.0
1377972000,-1.0
1377993600,-1.0
1378015200,-1.0
1378036800,-1.0
1378058400,-1.0
1378080000,-1.0
1378101600,-1.0
1378123200,-1.0
1378144800,-1.0
1378166400,-1.0
1378188000,-1.0
1378209600,-1.0
1378231200,-1.0
1378252800,-1.0
1378274400,-1.0
1378296000,-1.0
1378317600,-1.0
1378339200,-1.0
1378360800,-1.0
1378382400,-1.0
1378404000,-1.0
1378425600,-1.0
1378447200,-1.0
1378468800,-1.0
1378490400,-1.0
1378512000,-1.0
1378533600,-1.0
1378555200,-1.0
1378576800,-1.0
1378598400,-1.0
1378620000,-1.0
1378641600,-1.0
1378663200,-1.0
1378684800,-1.0
1378706400,-1.0
1378728000,-1.0
1378749600,-1.0
1378771200,-1.0
1378792800,-1.0
1378814400,-1.0
1378836000,-1.0
1378857600,-1.0
1378879200,-1.0
1378900800,-1.0
1378922400,-1.0
1378944000,-1.0
1378965600,-1.0
1378987200,-1.0
1379008800,-1.0
1379030400,-1.0
1379052000,-1.0
1379073600,-1.0
1379095200,-1.0
1379116800,-1.0
1379138400,-1.0
1379160000,-1.0
1379181600,-1.0
1379203200,-1.0
1379224800,-1.0
1379246400,-1.0
1379268000,-1.0
1379289600,-1.0
1379311200,-1.0
1379332800,-1.0
1379354400,-1.0
1379376000,-1.0
1379397600,-1.0
1379419200,-1.0
1379440800,-1.0
1379462400,-1.0
1379484000,-1.0
1379505600,-1.0
1379527200,-1.0
1379548800,-1.0
1379570400,-1.0
1379592000,-1.0
1379613600,-1.0
1379635200,-1.0
1379656800,-1.0
1379678400,-1.0
1379700000,-1.0
1379721600,-1.0
1379743200,-1.0
1379764800,-1.0
1379786400,-1.0
1379808000,-1.0
1379829600,-1.0
1379851200,-1.0
1379872800,-1.0
1379894400,-1.0
1379916000,-1.0
1379937600,-1.0
1379959200,-1.0
1379980800,-1.0
1380002400,-1.0
1380024000,-1.0
1380045600,-1.0
1380067200,-1.0
1380088800,-1.0
1380110400,-1.0
1380132000,-1.0
1380153600,-1.0
1380175200,-1.0
1380196800,-1.0
1380218400,-1.0
1380240000,-1.0
1380261600,-1.0
1380283200,-1.0
1380304800,-1.0
1380326400,-1.0
1380348000,-1.0
1380369600,-1.0
1380391200,-1.0
1380412800,-1.0
1380434400,-1.0
1380456000,-1.0
1380477600,-1.0
1380499200,-1.0
1380520800,-1.0
1380542400,-1.0
1380564000,-1.0
1380585600,-1.0
1380607200,-1.0
1380628800,-1.0
1380650400,-1.0
1380672000,-1.0
1380693600,-1.0
1380715200,-1.0
1380736800,-1.0
1380758400,-1.0
1380780000,-1.0
1380801600,-1.0
1380823200,-1.0
1380844800,-1.0
1380866400,-1.0
1380888000,-1.0
1380909600,-1.0
1380931200,-1.0
1380952800,-1.0
1380974400,-1.0
1380996000,-1.0
1381017600,-1.0
1381039200,-1.0
1381060800,-1.0
1381082400,-1.0
1381104000,-1.0
1381125600,-1.0
1381147200,-1.0
1381168800,-1.0
1381190400,-1.0
1381212000,-1.0
1381233600,-1.0
1381255200,-1.0
1381276800,-1.0
1381298400,-1.0
1381320000,-1.0
1381341600,-1.0
1381363200,-1.0
1381384800,-1.0
1381406400,-1.0
1381428000,-1.0
1381449600,-1.0
1381471200,-1.0
1381492800,-1.0
1381514400,-1.0
1381536000,-1.0
1381557600,-1.0
1381579200,-1.0
1381600800,-1.0
1381622400,-1.0
1381644000,-1.0
1381665600,-1.0
1381687200,-1.0
1381708800,-1.0
1381730400,-1.0
1381752000,-1.0
1381773600,-1.0
1381795200,-1.0
1381816800,-1.0
1381838400,-1.0
1381860000,-1.0
1381881600,-1.0
1381903200,-1.0
1381924800,-1.0
1381946400,-1.0
1381968000,-1.0
1381989600,-1.0
1382011200,-1.0
1382032800,-1.0
1382054400,-1.0
1382076000,-1.0
1382097600,-1.0
1382119200,-1.0
1382140800,-1.0
1382162400,-1.0
1382184000,-1.0
1382205600,-1.0
1382227200,-1.0
1382248800,-1.0
1382270400,-1.0
1382292000,-1.0
1382313600,-1.0
1382335200,-1.0
1382356800,-1.0
1382378400,-1.0
1382400000,-1.0
1382421600,-1.0
1382443200,-1.0
1382464800,-1.0
1382486400,-1.0
1382508000,-1.0
1382529600,-1.0
1382551200,-1.0
1382572800,-1.0
1382594400,-1.0
1382616000,-1.0
1382637600,-1.0
1382659200,-1.0
1382680800,-1.0
1382702400,-1.0
1382724000,-1.0
1382745600,-1.0
1382767200,-1.0
1382788800,-1.0
1382810400,-1.0
1382832000,-1.0
1382853600,-1.0
1382875200,-1.0
1382896800,-1.0
1382918400,-1.0
1382940000,-1.0
1382961600,-1.0
1382983200,-1.0
1383004800,-1.0
1383026400,-1.0
1383048000,-1.0
1383069600,-1.0
1383091200,-1.0
1383112800,-1.0
1383134400,-1.0
1383156000,-1.0
1383177600,-1.0
1383199200,-1.0
1383220800,-1.0
1383242400,-1.0
1383264000,-1.0
1383285600,-1.0
1383307200,-1.0
1383328800,-1.0
1383350400,-1.0
1383372000,-1.0
1383393600,-1.0
1383415200,-1.0
1383436800,-1.0
1383458400,-1.0
1383480000,-1.0
1383501600,-1.0
1383523200,-1.0
1383544800,-1.0
1383566400,-1.0
1383588000,-1.0
1383609600,-1.0
1383631200,-1.0
1383652800,-1.0
1383674400,-1.0
1383696000,-1.0
1383717600,-1.0
1383739200,-1.0
1383760800,-1.0
1383782400,-1.0
1383804000,-1.0
1383825600,-1.0
1383847200,-1.0
1383868800,-1.0
1383890400,-1.0
1383912000,-1.0
1383933600,-1.0
1383955200,-1.0
1383976800,-1.0
1383998400,-1.0
1384020000,-1.0
1384041600,-1.0
1384063200,-1.0
1384084800,-1.0
1384106400,-1.0
1384128000,-1.0
1384149600,-1.0
1384171200,-1.0
1384192800,-1.0
1384214400,-1.0
1384236000,-1.0
1384257600,-1.0
1384279200,-1.0
1384300800,-1.0
1384322400,-1.0
1384344000,-1.0
1384365600,-1.0
1384387200,-1.0
1384408800,-1.0
1384430400,-1.0
1384452000,-1.0
1384473600,-1.0
1384495200,-1.0
1384516800,-1.0
1384538400,-1.0
1384560000,-1.0
1384581600,-1.0
1384603200,-1.0
1384624800,-1.0
1384646400,-1.0
1384668000,-1.0
1384689600,-1.0
1384711200,-1.0
1384732800,-1.0
1384754400,-1.0
1384776000,-1.0
1384797600,-1.0
1384819200,-1.0
1384840800,-1.0
1384862400,-1.0
1384884000,-1.0
1384905600,-1.0
1384927200,-1.0
1384948800,-1.0
1384970400,-1.0
1384992000,-1.0
1385013600,-1.0
1385035200,-1.0
1385056800,-1.0
1385078400,-1.0
1385100000,-1.0
1385121600,-1.0
1385143200,-1.0
1385164800,-1.0
1385186400,-1.0
1385208000,-1.0
1385229600,-1.0
1385251200,-1.0
1385272800,-1.0
1385294400,-1.0
1385316000,-1.0
1385337600,-1.0
1385359200,-1.0
1385380800,-1.0
1385402400,-1.0
1385424000,-1.0
1385445600,-1.0
1385467200,-1.0
1385488800,-1.0
1385510400,-1.0
1385532000,-1.0
1385553600,-1.0
1385575200,-1.0
1385596800,-1.0
1385618400,-1.0
1385640000,-1.0
1385661600,-1.0
1385683200,-1.0
1385704800,-1.0
1385726400,-1.0
1385748000,-1.0
1385769600,-1.0
1385791200,-1.0
1385812800,-1.0
1385834400,-1.0
1385856000,-1.0
1385877600,-1.0
1385899200,-1.0
1385920800,-1.0
1385942400,-1.0
1385964000,-1.0
1385985600,-1.0
1386007200,-1.0
1386028800,-1.0
1386050400,-1.0
1386072000,-1.0
1386093600,-1.0
1386115200,-1.0
1386136800,-1.0
1386158400,-1.0
1386180000,-1.0
1386201600,-1.0
1386223200,-1.0
1386244800,-1.0
1386266400,-1.0
1386288000,-1.0
1386309600,-1.0
1386331200,-1.0
1386352800,-1.0
1386374400,-1.0
1386396000,-1.0
1386417600,-1.0
1386439200,-1.0
1386460800,-1.0
1386482400,-1.0
1386504000,-1.0
1386525600,-1.0
1386547200,-1.0
1386568800,-1.0
1386590400,-1.0
1386612000,-1.0
1386633600,-1.0
1386655200,-1.0
1386676800,-1.0
1386698400,-1.0
1386720000,-1.0
1386741600,-1.0
1386763200,-1.0
1386784800,-1.0
1386806400,-1.0
1386828000,-1.0
1386849600,-1.0
1386871200,-1.0
1386892800,-1.0
1386914400,-1.0
1386936000,-1.0
1386957600,-1.0
1386979200,-1.0
1387000800,-1.0
1387022400,-1.0
1387044000,-1.0
1387065600,-1.0
1387087200,-1.0
1387108800,-1.0
1387130400,-1.0
1387152000,-1.0
1387173600,-1.0
1387195200,-1.0
1387216800,-1.0
1387238400,-1.0
1387260000,-1.0
1387281600,-1.0
1387303200,-1.0
1387324800,-1.0
1387346400,-1.0
1387368000,-1.0
1387389600,-1.0
1387411200,-1.0
1387432800,-1.0
1387454400,-1.0
1387476000,-1.0
1387497600,-1.0
1387519200,-1.0
1387540800,-1.0
1387562400,-1.0
1387584000,-1.0
1387605600,-1.0
1387627200,-1.0
1387648800,-1.0
1387670400,-1.0
1387692000,-1.0
1387713600,-1.0
1387735200,-1.0
1387756800,-1.0
1387778400,-1.0
1387800000,-1.0
1387821600,-1.0
1387843200,-1.0
1387864800,-1.0
1387886400,-1.0
1387908000,-1.0
1387929600,-1.0
1387951200,-1.0
1387972800,-1.0
1387994400,-1.0
1388016000,-1.0
1388037600,-1.0
1388059200,-1.0
1388080800,-1.0
1388102400,-1.0
1388124000,-1.0
1388145600,-1.0
1388167200,-1.0
1388188800,-1.0
1388210400,-1.0
1388232000,-1.0
1388253600,-1.0
1388275200,-1.0
1388296800,-1.0
1388318400,-1.0
1388340000,-1.0
1388361600,-1.0
1388383200,-1.0
1388404800,-1.0
1388426400,-1.0
1388448000,-1.0
1388469600,-1.0
1388491200,-1.0
1388512800,-1.0
1388534400,-1.0
1388556000,-1.0
1388577600,-1.0
1388599200,-1.0
1388620800,-1.0
1388642400,-1.0
1388664000,-1.0
1388685600,-1.0
1388707200,-1.0
1388728800,-1.0
1388750400,-1.0
1388772000,-1.0
1388793600,-1.0
1388815200,-1.0
1388836800,-1.0
1388858400,-1.0
1388880000,-1.0
1388901600,-1.0
1388923200,-1.0
1388944800,-1.0
1388966400,-1.0
1388988000,-1.0
1389009600,-1.0
1389031200,-1.0
1389052800,-1.0
1389074400,-1.0
1389096000,-1.0
1389117600,-1.0
1389139200,-1.0
1389160800,-1.0
1389182400,-1.0
1389204000,-1.0
1389225600,-1.0
1389247200,-1.0
1389268800,-1.0
1389290400,-1.0
1389312000,-1.0
1389333600,-1.0
1389355200,-1.0
1389376800,-1.0
1389398400,-1.0
1389420000,-1.0
1389441600,-1.0
1389463200,-1.0
1389484800,-1.0
1389506400,-1.0
1389528000,-1.0
1389549600,-1.0
1389571200,-1.0
1389592800,-1.0
1389614400,-1.0
1389636000,-1.0
1389657600,-1.0
1389679200,-1.0
1389700800,-1.0
1389722400,-1.0
1389744000,-1.0
1389765600,-1.0
1389787200,-1.0
1389808800,-1.0
1389830400,-1.0
1389852000,-1.0
1389873600,-1.0
1389895200,-1.0
1389916800,-1.0
1389938400,-1.0
1389960000,-1.0
1389981600,-1.0
1390003200,-1.0
1390024800,-1.0
1390046400,-1.0
1390068000,-1.0
1390089600,-1.0
1390111200,-1.0
1390132800,-1.0
1390154400,-1.0
1390176000,-1.0
1390197600,-1.0
1390219200,-1.0
1390240800,-1.0
1390262400,-1.0
1390284000,-1.0
1390305600,-1.0
1390327200,-1.0
1390348800,-1.0
1390370400,-1.0
1390392000,-1.0
1390413600,-1.0
1390435200,-1.0
1390456800,-1.0
1390478400,-1.0
1390500000,-1.0
1390521600,-1.0
1390543200,-1.0
1390564800,-1.0
1390586400,-1.0
1390608000,-1.0
1390629600,-1.0
1390651200,-1.0
1390672800,-1.0
1390694400,-1.0
1390716000,-1.0
1390737600,-1.0
1390759200,-1.0
1390780800,-1.0
1390802400,-1.0
1390824000,-1.0
1390845600,-1.0
1390867200,-1.0
1390888800,-1.0
1390910400,-1.0
1390932000,-1.0
1390953600,-1.0
1390975200,-1.0
1390996800,-1.0
1391018400,-1.0
1391040000,-1.0
1391061600,-1.0
1391083200,-1.0
1391104800,-1.0
1391126400,-1.0
1391148000,-1.0
1391169600,-1.0
1391191200,-1.0
1391212800,-1.0
1391234400,-1.0
1391256000,-1.0
1391277600,-1.0
1391299200,-1.0
1391320800,-1.0
1391342400,-1.0
1391364000,-1.0
1391385600,-1.0
1391407200,-1.0
1391428800,-1.0
1391450400,-1.0
1391472000,-1.0
1391493600,-1.0
1391515200,-1.0
1391536800,-1.0
1391558400,-1.0
1391580000,-1.0
1391601600,-1.0
1391623200,-1.0
1391644800,-1.0
1391666400,-1.0
1391688000,-1.0
1391709600,-1.0
1391731200,-1.0
1391752800,-1.0
1391774400,-1.0
1391796000,-1.0
1391817600,-1.0
1391839200,-1.0
1391860800,-1.0
1391882400,-1.0
1391904000,-1.0
1391925600,-1.0
1391947200,-1.0
1391968800,-1.0
1391990400,-1.0
1392012000,-1.0
1392033600,-1.0
1392055200,-1.0
1392076800,-1.0
1392098400,-1.0
1392120000,-1.0
1392141600,-1.0
1392163200,-1.0
1392184800,-1.0
1392206400,-1.0
1392228000,-1.0
1392249600,-1.0
1392271200,-1.0
1392292800,-1.0
1392314400,-1.0
1392336000,-1.0
1392357600,-1.0
1392379200,-1.0
1392400800,-1.0
1392422400,-1.0
1392444000,-1.0
1392465600,-1.0
1392487200,-1.0
1392508800,-1.0
1392530400,-1.0
1392552000,-1.0
1392573600,-1.0
1392595200,-1.0
1392616800,-1.0
1392638400,-1.0
1392660000,-1.0
1392681600,-1.0
1392703200,-1.0
1392724800,-1.0
1392746400,-1.0
1392768000,-1.0
1392789600,-1.0
1392811200,-1.0
1392832800,-1.0
1392854400,-1.0
1392876000,-1.0
1392897600,-1.0
1392919200,-1.0
1392940800,-1.0
1392962400,-1.0
1392984000,-1.0
1393005600,-1.0
1393027200,-1.0
1393048800,-1.0
1393070400,-1.0
1393092000,-1.0
1393113600,-1.0
1393135200,-1.0
1393156800,-1.0
1393178400,-1.0
1393200000,-1.0
1393221600,-1.0
1393243200,-1.0
1393264800,-1.0
1393286400,-1.0
1393308000,-1.0
1393329600,-1.0
1393351200,-1.0
1393372800,-1.0
1393394400,-1.0
1393416000,-1.0
1393437600,-1.0
1393459200,-1.0
1393480800,-1.0
1393502400,-1.0
1393524000,-1.0
1393545600,-1.0
1393567200,-1.0
1393588800,-1.0
1393610400,-1.0
1393632000,-1.0
1393653600,-1.0
1393675200,-1.0
1393696800,-1.0
1393718400,-1.0
1393740000,-1.0
1393761600,-1.0
1393783200,-1.0
1393804800,-1.0
1393826400,-1.0
1393848000,-1.0
1393869600,-1.0
1393891200,-1.0
1393912800,-1.0
1393934400,-1.0
1393956000,-1.0
1393977600,-1.0
1393999200,-1.0
1394020800,-1.0
1394042400,-1.0
1394064000,-1.0
1394085600,-1.0
1394107200,-1.0
1394128800,-1.0
1394150400,-1.0
1394172000,-1.0
1394193600,-1.0
1394215200,-1.0
1394236800,-1.0
1394258400,-1.0
1394280000,-1.0
1394301600,-1.0
1394323200,-1.0
1394344800,-1.0
1394366400,-1.0
1394388000,-1.0
1394409600,-1.0
1394431200,-1.0
1394452800,-1.0
1394474400,-1.0
1394496000,-1.0
1394517600,-1.0
1394539200,-1.0
1394560800,-1.0
1394582400,-1.0
1394604000,-1.0
1394625600,-1.0
1394647200,-1.0
1394668800,-1.0
1394690400,-1.0
1394712000,-1.0
1394733600,-1.0
1394755200,-1.0
1394776800,-1.0
1394798400,-1.0
1394820000,-1.0
1394841600,-1.0
1394863200,-1.0
1394884800,-1.0
1394906400,-1.0
1394928000,-1.0
1394949600,-1.0
1394971200,-1.0
1394992800,-1.0
1395014400,-1.0
1395036000,-1.0
1395057600,-1.0
1395079200,-1.0
1395100800,-1.0
1395122400,-1.0
1395144000,-1.0
1395165600,-1.0
1395187200,-1.0
1395208800,-1.0
1395230400,-1.0
1395252000,-1.0
1395273600,-1.0
1395295200,-1.0
1395316800,-1.0
1395338400,-1.0
1395360000,-1.0
1395381600,-1.0
1395403200,-1.0
1395424800,-1.0
1395446400,-1.0
1395468000,-1.0
1395489600,-1.0
1395511200,-1.0
1395532800,-1.0
1395554400,-1.0
1395576000,-1.0
1395597600,-1.0
1395619200,-1.0
1395640800,-1.0
1395662400,-1.0
1395684000,-1.0
1395705600,-1.0
1395727200,-1.0
1395748800,-1.0
1395770400,-1.0
1395792000,-1.0
1395813600,-1.0
1395835200,-1.0
1395856800,-1.0
1395878400,-1.0
1395900000,-1.0
1395921600,-1.0
1395943200,-1.0
1395964800,-1.0
1395986400,-1.0
1396008000,-1.0
1396029600,-1.0
1396051200,-1.0
1396072800,-1.0
1396094400,-1.0
1396116000,-1.0
1396137600,-1.0
1396159200,-1.0
1396180800,-1.0
1396202400,-1.0
1396224000,-1.0
1396245600,-1.0
1396267200,-1.0
1396288800,-1.0
1396310400,-1.0
1396332000,-1.0
1396353600,-1.0
1396375200,-1.0
1396396800,-1.0
1396418400,-1.0
1396440000,-1.0
1396461600,-1.0
1396483200,-1.0
1396504800,-1.0
1396526400,-1.0
1396548000,-1.0
1396569600,-1.0
1396591200,-1.0
1396612800,-1.0
1396634400,-1.0
1396656000,-1.0
1396677600,-1.0
1396699200,-1.0
1396720800,-1.0
1396742400,-1.0
1396764000,-1.0
1396785600,-1.0
1396807200,-1.0
1396828800,-1.0
1396850400,-1.0
1396872000,-1.0
1396893600,-1.0
1396915200,-1.0
1396936800,-1.0
1396958400,-1.0
1396980000,-1.0
1397001600,-1.0
1397023200,-1.0
1397044800,-1.0
1397066400,-1.0
1397088000,-1.0
1397109600,-1.0
1397131200,-1.0
1397152800,-1.0
1397174400,-1.0
1397196000,-1.0
1397217600,-1.0
1397239200,-1.0
1397260800,-1.0
1397282400,-1.0
1397304000,-1.0
1397325600,-1.0
1397347200,-1.0
1397368800,-1.0
1397390400,-1.0
1397412000,-1.0
1397433600,-1.0
1397455200,-1.0
1397476800,-1.0
1397498400,-1.0
1397520000,-1.0
1397541600,-1.0
1397563200,-1.0
1397584800,-1.0
1397606400,-1.0
1397628000,-1.0
1397649600,-1.0
1397671200,-1.0
1397692800,-1.0
1397714400,-1.0
1397736000,-1.0
1397757600,-1.0
1397779200,-1.0
1397800800,-1.0
1397822400,-1.0
1397844000,-1.0
1397865600,-1.0
1397887200,-1.0
1397908800,-1.0
1397930400,-1.0
1397952000,-1.0
1397973600,-1.0
1397995200,-1.0
1398016800,-1.0
1398038400,-1.0
1398060000,-1.0
1398081600,-1.0
1398103200,-1.0
1398124800,-1.0
1398146400,-1.0
1398168000,-1.0
1398189600,-1.0
1398211200,-1.0
1398232800,-1.0
1398254400,-1.0
1398276000,-1.0
1398297600,-1.0
1398319200,-1.0
1398340800,-1.0
1398362400,-1.0
1398384000,-1.0
1398405600,-1.0
1398427200,-1.0
1398448800,-1.0
1398470400,-1.0
1398492000,-1.0
1398513600,-1.0
1398535200,-1.0
1398556800,-1.0
1398578400,-1.0
1398600000,-1.0
1398621600,-1.0
1398643200,-1.0
1398664800,-1.0
1398686400,-1.0
1398708000,-1.0
1398729600,-1.0
1398751200,-1.0
1398772800,-1.0
1398794400,-1.0
1398816000,-1.0
1398837600,-1.0
1398859200,-1.0
1398880800,-1.0
1398902400,-1.0
1398924000,-1.0
1398945600,-1.0
1398967200,-1.0
1398988800,-1.0
1399010400,-1.0
1399032000,-1.0
1399053600,-1.0
1399075200,-1.0
1399096800,-1.0
1399118400,-1.0
1399140000,-1.0
1399161600,-1.0
1399183200,-1.0
1399204800,-1.0
1399226400,-1.0
1399248000,-1.0
1399269600,-1.0
1399291200,-1.0
1399312800,-1.0
1399334400,-1.0
1399356000,-1.0
1399377600,-1.0
1399399200,-1.0
1399420800,-1.0
1399442400,-1.0
1399464000,-1.0
1399485600,-1.0
1399507200,-1.0
1399528800,-1.0
1399550400,-1.0
1399572000,-1.0
1399593600,-1.0
1399615200,-1.0
1399636800,-1.0
1399658400,-1.0
1399680000,-1.0
1399701600,-1.0
1399723200,-1.0
1399744800,-1.0
1399766400,-1.0
1399788000,-1.0
1399809600,-1.0
1399831200,-1.0
1399852800,-1.0
1399874400,-1.0
1399896000,-1.0
1399917600,-1.0
1399939200,-1.0
1399960800,-1.0
1399982400,-1.0
1400004000,-1.0
1400025600,-1.0
1400047200,-1.0
1400068800,-1.0
1400090400,-1.0
1400112000,-1.0
1400133600,-1.0
1400155200,-1.0
1400176800,-1.0
1400198400,-1.0
1400220000,-1.0
1400241600,-1.0
1400263200,-1.0
1400284800,-1.0
1400306400,-1.0
1400328000,-1.0
1400349600,-1.0
1400371200,-1.0
1400392800,-1.0
1400414400,-1.0
1400436000,-1.0
1400457600,-1.0
1400479200,-1.0
1400500800,-1.0
1400522400,-1.0
1400544000,-1.0
1400565600,-1.0
1400587200,-1.0
1400608800,-1.0
1400630400,-1.0
1400652000,-1.0
1400673600,-1.0
1400695200,-1.0
1400716800,-1.0
1400738400,-1.0
1400760000,-1.0
1400781600,-1.0
1400803200,-1.0
1400824800,-1.0
1400846400,-1.0
1400868000,-1.0
1400889600,-1.0
1400911200,-1.0
1400932800,-1.0
1400954400,-1.0
1400976000,-1.0
1400997600,-1.0
1401019200,-1.0
1401040800,-1.0
1401062400,-1.0
1401084000,-1.0
1401105600,-1.0
1401127200,-1.0
1401148800,-1.0
1401170400,-1.0
1401192000,-1.0
1401213600,-1.0
1401235200,-1.0
1401256800,-1.0
1401278400,-1.0
1401300000,-1.0
1401321600,-1.0
1401343200,-1.0
1401364800,-1.0
1401386400,-1.0
1401408000,-1.0
1401429600,-1.0
1401451200,-1.0
1401472800,-1.0
1401494400,-1.0
1401516000,-1.0
1401537600,-1.0
1401559200,-1.0
1401580800,-1.0
1401602400,-1.0
1401624000,-1.0
1401645600,-1.0
1401667200,-1.0
1401688800,-1.0
1401710400,-1.0
1401732000,-1.0
1401753600,-1.0
1401775200,-1.0
1401796800,-1.0
1401818400,-1.0
1401840000,-1.0
1401861600,-1.0
1401883200,-1.0
1401904800,-1.0
1401926400,-1.0
1401948000,-1.0
1401969600,-1.0
1401991200,-1.0
1402012800,-1.0
1402034400,-1.0
1402056000,-1.0
1402077600,-1.0
1402099200,-1.0
1402120800,-1.0
1402142400,-1.0
1402164000,-1.0
1402185600,-1.0
1402207200,-1.0
1402228800,-1.0
1402250400,-1.0
1402272000,-1.0
1402293600,-1.0
1402315200,-1.0
1402336800,-1.0
1402358400,-1.0
1402380000,-1.0
1402401600,-1.0
1402423200,-1.0
1402444800,-1.0
1402466400,-1.0
1402488000,-1.0
1402509600,-1.0
1402531200,-1.0
1402552800,-1.0
1402574400,-1.0
1402596000,-1.0
1402617600,-1.0
1402639200,-1.0
1402660800,-1.0
1402682400,-1.0
1402704000,-1.0
1402725600,-1.0
1402747200,-1.0
1402768800,-1.0
1402790400,-1.0
1402812000,-1.0
1402833600,-1.0
1402855200,-1.0
1402876800,-1.0
1402898400,-1.0
1402920000,-1.0
1402941600,-1.0
1402963200,-1.0
1402984800,-1.0
1403006400,-1.0
1403028000,-1.0
1403049600,-1.0
1403071200,-1.0
1403092800,-1.0
1403114400,-1.0
1403136000,-1.0
1403157600,-1.0
1403179200,-1.0
1403200800,-1.0
1403222400,-1.0
1403244000,-1.0
1403265600,-1.0
1403287200,-1.0
1403308800,-1.0
1403330400,-1.0
1403352000,-1.0
1403373600,-1.0
1403395200,-1.0
1403416800,-1.0
1403438400,-1.0
1403460000,-1.0
1403481600,-1.0
1403503200,-1.0
1403524800,-1.0
1403546400,-1.0
1403568000,-1.0
1403589600,-1.0
1403611200,-1.0
1403632800,-1.0
1403654400,-1.0
1403676000,-1.0
1403697600,-1.0
1403719200,-1.0
1403740800,-1.0
1403762400,-1.0
1403784000,-1.0
1403805600,-1.0
1403827200,-1.0
1403848800,-1.0
1403870400,-1.0
1403892000,-1.0
1403913600,-1.0
1403935200,-1.0
1403956800,-1.0
1403978400,-1.0
1404000000,-1.0
1404021600,-1.0
1404043200,-1.0
1404064800,-1.0
1404086400,-1.0
1404108000,-1.0
1404129600,-1.0
1404151200,-1.0
1404172800,-1.0
1404194400,-1.0
1404216000,-1.0
1404237600,-1.0
1404259200,-1.0
1404280800,-1.0
1404302400,-1.0
1404324000,-1.0
1404345600,-1.0
1404367200,-1.0
1404388800,-1.0
1404410400,-1.0
1404432000,-1.0
1404453600,-1.0
1404475200,-1.0
1404496800,-1.0
1404518400,-1.0
1404540000,-1.0
1404561600,-1.0
1404583200,-1.0
1404604800,-1.0
1404626400,-1.0
1404648000,-1.0
1404669600,-1.0
1404691200,-1.0
1404712800,-1.0
1404734400,-1.0
1404756000,-1.0
1404777600,-1.0
1404799200,-1.0
1404820800,-1.0
1404842400,-1.0
1404864000,-1.0
1404885600,-1.0
1404907200,-1.0
1404928800,-1.0
1404950400,-1.0
1404972000,-1.0
1404993600,-1.0
1405015200,-1.0
1405036800,-1.0
1405058400,-1.0
1405080000,-1.0
1405101600,-1.0
1405123200,-1.0
1405144800,-1.0
1405166400,-1.0
1405188000,-1.0
1405209600,-1.0
1405231200,-1.0
1405252800,-1.0
1405274400,-1.0
1405296000,-1.0
1405317600,-1.0
1405339200,-1.0
1405360800,-1.0
1405382400,-1.0
1405404000,-1.0
1405425600,-1.0
1405447200,-1.0
1405468800,-1.0
1405490400,-1.0
1405512000,-1.0
1405533600,-1.0
1405555200,-1.0
1405576800,-1.0
1405598400,-1.0
1405620000,-1.0
1405641600,-1.0
1405663200,-1.0
1405684800,-1.0
1405706400,-1.0
1405728000,-1.0
1405749600,-1.0
1405771200,-1.0
1405792800,-1.0
1405814400,-1.0
1405836000,-1.0
1405857600,-1.0
1405879200,-1.0
1405900800,-1.0
1405922400,-1.0
1405944000,-1.0
1405965600,-1.0
1405987200,-1.0
1406008800,-1.0
1406030400,-1.0
1406052000,-1.0
1406073600,-1.0
1406095200,-1.0
1406116800,-1.0
1406138400,-1.0
1406160000,-1.0
1406181600,-1.0
1406203200,-1.0
1406224800,-1.0
1406246400,-1.0
1406268000,-1.0
1406289600,-1.0
1406311200,-1.0
1406332800,-1.0
1406354400,-1.0
1406376000,-1.0
1406397600,-1.0
1406419200,-1.0
1406440800,-1.0
1406462400,-1.0
1406484000,-1.0
1406505600,-1.0
1406527200,-1.0
1406548800,-1.0
1406570400,-1.0
1406592000,-1.0
1406613600,-1.0
1406635200,-1.0
1406656800,-1.0
1406678400,-1.0
1406700000,-1.0
1406721600,-1.0
1406743200,-1.0
1406764800,-1.0
1406786400,-1.0
1406808000,-1.0
1406829600,-1.0
1406851200,-1.0
1406872800,-1.0
1406894400,-1.0
1406916000,-1.0
1406937600,-1.0
1406959200,-1.0
1406980800,-1.0
1407002400,-1.0
1407024000,-1.0
1407045600,-1.0
1407067200,-1.0
1407088800,-1.0
1407110400,-1.0
1407132000,-1.0
1407153600,-1.0
1407175200,-1.0
1407196800,-1.0
1407218400,-1.0
1407240000,-1.0
1407261600,-1.0
1407283200,-1.0
1407304800,-1.0
1407326400,-1.0
1407348000,-1.0
1407369600,-1.0
1407391200,-1.0
1407412800,-1.0
1407434400,-1.0
1407456000,-1.0
1407477600,-1.0
1407499200,-1.0
1407520800,-1.0
1407542400,-1.0
1407564000,-1.0
1407585600,-1.0
1407607200,-1.0
1407628800,-1.0
1407650400,-1.0
1407672000,-1.0
1407693600,-1.0
1407715200,-1.0
1407736800,-1.0
1407758400,-1.0
1407780000,-1.0
1407801600,-1.0
1407823200,-1.0
1407844800,-1.0
1407866400,-1.0
1407888000,-1.0
1407909600,-1.0
1407931200,-1.0
1407952800,-1.0
1407974400,-1.0
1407996000,-1.0
1408017600,-1.0
1408039200,-1.0
1408060800,-1.0
1408082400,-1.0
1408104000,-1.0
1408125600,-1.0
1408147200,-1.0
1408168800,-1.0
1408190400,-1.0
1408212000,-1.0
1408233600,-1.0
1408255200,-1.0
1408276800,-1.0
1408298400,-1.0
1408320000,-1.0
1408341600,-1.0
1408363200,-1.0
1408384800,-1.0
1408406400,-1.0
1408428000,-1.0
1408449600,-1.0
1408471200,-1.0
1408492800,-1.0
1408514400,-1.0
1408536000,-1.0
1408557600,-1.0
1408579200,-1.0
1408600800,-1.0
1408622400,-1.0
1408644000,-1.0
1408665600,-1.0
1408687200,-1.0
1408708800,-1.0
1408730400,-1.0
1408752000,-1.0
1408773600,-1.0
1408795200,-1.0
1408816800,-1.0
1408838400,-1.0
1408860000,-1.0
1408881600,-1.0
1408903200,-1.0
1408924800,-1.0
1408946400,-1.0
1408968000,-1.0
1408989600,-1.0
1409011200,-1.0
1409032800,-1.0
1409054400,-1.0
1409076000,-1.0
1409097600,-1.0
1409119200,-1.0
1409140800,-1.0
1409162400,-1.0
1409184000,-1.0
1409205600,-1.0
1409227200,-1.0
1409248800,-1.0
1409270400,-1.0
1409292000,-1.0
1409313600,-1.0
1409335200,-1.0
1409356800,-1.0
1409378400,-1.0
1409400000,-1.0
1409421600,-1.0
1409443200,-1.0
1409464800,-1.0
1409486400,-1.0
1409508000,-1.0
1409529600,-1.0
1409551200,-1.0
1409572800,-1.0
1409594400,-1.0
1409616000,-1.0
1409637600,-1.0
1409659200,-1.0
1409680800,-1.0
1409702400,-1.0
1409724000,-1.0
1409745600,-1.0
1409767200,-1.0
1409788800,-1.0
1409810400,-1.0
1409832000,-1.0
1409853600,-1.0
1409875200,-1.0
1409896800,-1.0
1409918400,-1.0
1409940000,-1.0
1409961600,-1.0
1409983200,-1.0
1410004800,-1.0
1410026400,-1.0
1410048000,-1.0
1410069600,-1.0
1410091200,-1.0
1410112800,-1.0
1410134400,-1.0
1410156000,-1.0
1410177600,-1.0
1410199200,-1.0
1410220800,-1.0
1410242400,-1.0
1410264000,-1.0
1410285600,-1.0
1410307200,-1.0
1410328800,-1.0
1410350400,-1.0
1410372000,-1.0
1410393600,-1.0
1410415200,-1.0
1410436800,-1.0
1410458400,-1.0
1410480000,-1.0
1410501600,-1.0
1410523200,-1.0
1410544800,-1.0
1410566400,-1.0
1410588000,-1.0
1410609600,-1.0
1410631200,-1.0
1410652800,-1.0
1410674400,-1.0
1410696000,-1.0
1410717600,-1.0
1410739200,-1.0
1410760800,-1.0
1410782400,-1.0
1410804000,-1.0
1410825600,-1.0
1410847200,-1.0
1410868800,-1.0
1410890400,-1.0
1410912000,-1.0
1410933600,-1.0
1410955200,-1.0
1410976800,-1.0
1410998400,-1.0
1411020000,-1.0
1411041600,-1.0
1411063200,-1.0
1411084800,-1.0
1411106400,-1.0
1411128000,-1.0
1411149600,-1.0
1411171200,-1.0
1411192800,-1.0
1411214400,-1.0
1411236000,-1.0
1411257600,-1.0
1411279200,-1.0
1411300800,-1.0
1411322400,-1.0
1411344000,-1.0
1411365600,-1.0
1411387200,-1.0
1411408800,-1.0
1411430400,-1.0
1411452000,-1.0
1411473600,-1.0
1411495200,-1.0
1411516800,-1.0
1411538400,-1.0
1411560000,-1.0
1411581600,-1.0
1411603200,-1.0
1411624800,-1.0
1411646400,-1.0
1411668000,-1.0
1411689600,-1.0
1411711200,-1.0
1411732800,-1.0
1411754400,-1.0
1411776000,-1.0
1411797600,-1.0
1411819200,-1.0
1411840800,-1.0
1411862400,-1.0
1411884000,-1.0
1411905600,-1.0
1411927200,-1.0
1411948800,-1.0
1411970400,-1.0
1411992000,-1.0
1412013600,-1.0
1412035200,-1.0
1412056800,-1.0
1412078400,-1.0
1412100000,-1.0
1412121600,-1.0
1412143200,-1.0
1412164800,-1.0
1412186400,-1.0
1412208000,-1.0
1412229600,-1.0
1412251200,-1.0
1412272800,-1.0
1412294400,-1.0
1412316000,-1.0
1412337600,-1.0
1412359200,-1.0
1412380800,-1.0
1412402400,-1.0
1412424000,-1.0
1412445600,-1.0
1412467200,-1.0
1412488800,-1.0
1412510400,-1.0
1412532000,-1.0
1412553600,-1.0
1412575200,-1.0
1412596800,-1.0
1412618400,-1.0
1412640000,-1.0
1412661600,-1.0
1412683200,-1.0
1412704800,-1.0
1412726400,-1.0
1412748000,-1.0
1412769600,-1.0
1412791200,-1.0
1412812800,-1.0
1412834400,-1.0
1412856000,-1.0
1412877600,-1.0
1412899200,-1.0
1412920800,-1.0
1412942400,-1.0
1412964000,-1.0
1412985600,-1.0
1413007200,-1.0
1413028800,-1.0
1413050400,-1.0
1413072000,-1.0
1413093600,-1.0
1413115200,-1.0
1413136800,-1.0
1413158400,-1.0
1413180000,-1.0
1413201600,-1.0
1413223200,-1.0
1413244800,-1.0
1413266400,-1.0
1413288000,-1.0
1413309600,-1.0
1413331200,-1.0
1413352800,-1.0
1413374400,-1.0
1413396000,-1.0
1413417600,-1.0
1413439200,-1.0
1413460800,-1.0
1413482400,-1.0
1413504000,-1.0
1413525600,-1.0
1413547200,-1.0
1413568800,-1.0
1413590400,-1.0
1413612000,-1.0
1413633600,-1.0
1413655200,-1.0
1413676800,-1.0
1413698400,-1.0
1413720000,-1.0
1413741600,-1.0
1413763200,-1.0
1413784800,-1.0
1413806400,-1.0
1413828000,-1.0
1413849600,-1.0
1413871200,-1.0
1413892800,-1.0
1413914400,-1.0
1413936000,-1.0
1413957600,-1.0
1413979200,-1.0
1414000800,-1.0
1414022400,-1.0
1414044000,-1.0
1414065600,-1.0
1414087200,-1.0
1414108800,-1.0
1414130400,-1.0
1414152000,-1.0
1414173600,-1.0
1414195200,-1.0
1414216800,-1.0
1414238400,-1.0
1414260000,-1.0
1414281600,-1.0
1414303200,-1.0
1414324800,-1.0
1414346400,-1.0
1414368000,-1.0
1414389600,-1.0
1414411200,-1.0
1414432800,-1.0
1414454400,-1.0
1414476000,-1.0
1414497600,-1.0
1414519200,-1.0
1414540800,-1.0
1414562400,-1.0
1414584000,-1.0
1414605600,-1.0
1414627200,-1.0
1414648800,-1.0
1414670400,-1.0
1414692000,-1.0
1414713600,-1.0
1414735200,-1.0
1414756800,-1.0
1414778400,-1.0
1414800000,-1.0
1414821600,-1.0
1414843200,-1.0
1414864800,-1.0
1414886400,-1.0
1414908000,-1.0
1414929600,-1.0
1414951200,-1.0
1414972800,-1.0
1414994400,-1.0
1415016000,-1.0
1415037600,-1.0
1415059200,-1.0
1415080800,-1.0
1415102400,-1.0
1415124000,-1.0
1415145600,-1.0
1415167200,-1.0
1415188800,-1.0
1415210400,-1.0
1415232000,-1.0
1415253600,-1.0
1415275200,-1.0
1415296800,-1.0
1415318400,-1.0
1415340000,-1.0
1415361600,-1.0
1415383200,-1.0
1415404800,-1.0
1415426400,-1.0
1415448000,-1.0
1415469600,-1.0
1415491200,-1.0
1415512800,-1.0
1415534400,-1.0
1415556000,-1.0
1415577600,-1.0
1415599200,-1.0
1415620800,-1.0
1415642400,-1.0
1415664000,-1.0
1415685600,-1.0
1415707200,-1.0
1415728800,-1.0
1415750400,-1.0
1415772000,-1.0
1415793600,-1.0
1415815200,-1.0
1415836800,-1.0
1415858400,-1.0
1415880000,-1.0
1415901600,-1.0
1415923200,-1.0
1415944800,-1.0
1415966400,-1.0
1415988000,-1.0
1416009600,-1.0
1416031200,-1.0
1416052800,-1.0
1416074400,-1.0
1416096000,-1.0
1416117600,-1.0
1416139200,-1.0
1416160800,-1.0
1416182400,-1.0
1416204000,-1.0
1416225600,-1.0
1416247200,-1.0
1416268800,-1.0
1416290400,-1.0
1416312000,-1.0
1416333600,-1.0
1416355200,-1.0
1416376800,-1.0
1416398400,-1.0
1416420000,-1.0
1416441600,-1.0
1416463200,-1.0
1416484800,-1.0
1416506400,-1.0
1416528000,-1.0
1416549600,-1.0
1416571200,-1.0
1416592800,-1.0
1416614400,-1.0
1416636000,-1.0
1416657600,-1.0
1416679200,-1.0
1416700800,-1.0
1416722400,-1.0
1416744000,-1.0
1416765600,-1.0
1416787200,-1.0
1416808800,-1.0
1416830400,-1.0
1416852000,-1.0
1416873600,-1.0
1416895200,-1.0
1416916800,-1.0
1416938400,-1.0
1416960000,-1.0
1416981600,-1.0
1417003200,-1.0
1417024800,-1.0
1417046400,-1.0
1417068000,-1.0
1417089600,-1.0
1417111200,-1.0
1417132800,-1.0
1417154400,-1.0
1417176000,-1.0
1417197600,-1.0
1417219200,-1.0
1417240800,-1.0
1417262400,-1.0
1417284000,-1.0
1417305600,-1.0
1417327200,-1.0
1417348800,-1.0
1417370400,-1.0
1417392000,-1.0
1417413600,-1.0
1417435200,-1.0
1417456800,-1.0
1417478400,-1.0
1417500000,-1.0
1417521600,-1.0
1417543200,-1.0
1417564800,-1.0
1417586400,-1.0
1417608000,-1.0
1417629600,-1.0
1417651200,-1.0
1417672800,-1.0
1417694400,-1.0
1417716000,-1.0
1417737600,-1.0
1417759200,-1.0
1417780800,-1.0
1417802400,-1.0
1417824000,-1.0
1417845600,-1.0
1417867200,-1.0
1417888800,-1.0
1417910400,-1.0
1417932000,-1.0
1417953600,-1.0
1417975200,-1.0
1417996800,-1.0
1418018400,-1.0
1418040000,-1.0
1418061600,-1.0
1418083200,-1.0
1418104800,-1.0
1418126400,-1.0
1418148000,-1.0
1418169600,-1.0
1418191200,-1.0
1418212800,-1.0
1418234400,-1.0
1418256000,-1.0
1418277600,-1.0
1418299200,-1.0
1418320800,-1.0
1418342400,-1.0
1418364000,-1.0
1418385600,-1.0
1418407200,-1.0
1418428800,-1.0
1418450400,-1.0
1418472000,-1.0
1418493600,-1.0
1418515200,-1.0
1418536800,-1.0
1418558400,-1.0
1418580000,-1.0
1418601600,-1.0
1418623200,-1.0
1418644800,-1.0
1418666400,-1.0
1418688000,-1.0
1418709600,-1.0
1418731200,-1.0
1418752800,-1.0
1418774400,-1.0
1418796000,-1.0
1418817600,-1.0
1418839200,-1.0
1418860800,-1.0
1418882400,-1.0
1418904000,-1.0
1418925600,-1.0
1418947200,-1.0
1418968800,-1.0
1418990400,-1.0
1419012000,-1.0
1419033600,-1.0
1419055200,-1.0
1419076800,-1.0
1419098400,-1.0
1419120000,-1.0
1419141600,-1.0
1419163200,-1.0
1419184800,-1.0
1419206400,-1.0
1419228000,-1.0
1419249600,-1.0
1419271200,-1.0
1419292800,-1.0
1419314400,-1.0
1419336000,-1.0
1419357600,-1.0
1419379200,-1.0
1419400800,-1.0
1419422400,-1.0
1419444000,-1.0
1419465600,-1.0
1419487200,-1.0
1419508800,-1.0
1419530400,-1.0
1419552000,-1.0
1419573600,-1.0
1419595200,-1.0
1419616800,-1.0
1419638400,-1.0
1419660000,-1.0
1419681600,-1.0
1419703200,-1.0
1419724800,-1.0
1419746400,-1.0
1419768000,-1.0
1419789600,-1.0
1419811200,-1.0
1419832800,-1.0
1419854400,-1.0
1419876000,-1.0
1419897600,-1.0
1419919200,-1.0
1419940800,-1.0
1419962400,-1.0
1419984000,-1.0
1420005600,-1.0
1420027200,-1.0
1420048800,-1.0
1420070400,-1.0
1420092000,-1.0
1420113600,-1.0
1420135200,-1.0
1420156800,-1.0
1420178400,-1.0
1420200000,-1.0
1420221600,-1.0
1420243200,-1.0
1420264800,-1.0
1420286400,-1.0
1420308000,-1.0
1420329600,-1.0
1420351200,-1.0
1420372800,-1.0
1420394400,-1.0
1420416000,-1.0
1420437600,-1.0
1420459200,-1.0
1420480800,-1.0
1420502400,-1.0
1420524000,-1.0
1420545600,-1.0
1420567200,-1.0
1420588800,-1.0
1420610400,-1.0
1420632000,-1.0
1420653600,-1.0
1420675200,-1.0
1420696800,-1.0
1420718400,-1.0
1420740000,-1.0
1420761600,-1.0
1420783200,-1.0
1420804800,-1.0
1420826400,-1.0
1420848000,-1.0
1420869600,-1.0
1420891200,-1.0
1420912800,-1.0
1420934400,-1.0
1420956000,-1.0
1420977600,-1.0
1420999200,-1.0
1421020800,-1.0
1421042400,-1.0
1421064000,-1.0
1421085600,-1.0
1421107200,-1.0
1421128800,-1.0
1421150400,-1.0
1421172000,-1.0
1421193600,-1.0
1421215200,-1.0
1421236800,-1.0
1421258400,-1.0
1421280000,-1.0
1421301600,-1.0
1421323200,-1.0
1421344800,-1.0
1421366400,-1.0
1421388000,-1.0
1421409600,-1.0
1421431200,-1.0
1421452800,-1.0
1421474400,-1.0
1421496000,-1.0
1421517600,-1.0
1421539200,-1.0
1421560800,-1.0
1421582400,-1.0
1421604000,-1.0
1421625600,-1.0
1421647200,-1.0
1421668800,-1.0
1421690400,-1.0
1421712000,-1.0
1421733600,-1.0
1421755200,-1.0
1421776800,-1.0
1421798400,-1.0
1421820000,-1.0
1421841600,-1.0
1421863200,-1.0
1421884800,-1.0
1421906400,-1.0
1421928000,-1.0
1421949600,-1.0
1421971200,-1.0
1421992800,-1.0
1422014400,-1.0
1422036000,-1.0
1422057600,-1.0
1422079200,-1.0
1422100800,-1.0
1422122400,-1.0
1422144000,-1.0
1422165600,-1.0
1422187200,-1.0
1422208800,-1.0
1422230400,-1.0
1422252000,-1.0
1422273600,-1.0
1422295200,-1.0
1422316800,-1.0
1422338400,-1.0
1422360000,-1.0
1422381600,-1.0
1422403200,-1.0
1422424800,-1.0
1422446400,-1.0
1422468000,-1.0
1422489600,-1.0
1422511200,-1.0
1422532800,-1.0
1422554400,-1.0
1422576000,-1.0
1422597600,-1.0
1422619200,-1.0
1422640800,-1.0
1422662400,-1.0
1422684000,-1.0
1422705600,-1.0
1422727200,-1.0
1422748800,-1.0
1422770400,-1.0
1422792000,-1.0
1422813600,-1.0
1422835200,-1.0
1422856800,-1.0
1422878400,-1.0
1422900000,-1.0
1422921600,-1.0
1422943200,-1.0
1422964800,-1.0
1422986400,-1.0
1423008000,-1.0
1423029600,-1.0
1423051200,-1.0
1423072800,-1.0
1423094400,-1.0
1423116000,-1.0
1423137600,-1.0
1423159200,-1.0
1423180800,-1.0
1423202400,-1.0
1423224000,-1.0
1423245600,-1.0
1423267200,-1.0
1423288800,-1.0
1423310400,-1.0
1423332000,-1.0
1423353600,-1.0
1423375200,-1.0
1423396800,-1.0
1423418400,-1.0
1423440000,-1.0
1423461600,-1.0
1423483200,-1.0
1423504800,-1.0
1423526400,-1.0
1423548000,-1.0
1423569600,-1.0
1423591200,-1.0
1423612800,-1.0
1423634400,-1.0
1423656000,-1.0
1423677600,-1.0
1423699200,-1.0
1423720800,-1.0
1423742400,-1.0
1423764000,-1.0
1423785600,-1.0
1423807200,-1.0
1423828800,-1.0
1423850400,-1.0
1423872000,-1.0
1423893600,-1.0
1423915200,-1.0
1423936800,-1.0
1423958400,-1.0
1423980000,-1.0
1424001600,-1.0
1424023200,-1.0
1424044800,-1.0
1424066400,-1.0
1424088000,-1.0
1424109600,-1.0
1424131200,-1.0
1424152800,-1.0
1424174400,-1.0
1424196000,-1.0
1424217600,-1.0
1424239200,-1.0
1424260800,-1.0
1424282400,-1.0
1424304000,-1.0
1424325600,-1.0
1424347200,-1.0
1424368800,-1.0
1424390400,-1.0
1424412000,-1.0
1424433600,-1.0
1424455200,-1.0
1424476800,-1.0
1424498400,-1.0
1424520000,-1.0
1424541600,-1.0
1424563200,-1.0
1424584800,-1.0
1424606400,-1.0
1424628000,-1.0
1424649600,-1.0
1424671200,-1.0
1424692800,-1.0
1424714400,-1.0
1424736000,-1.0
1424757600,-1.0
1424779200,-1.0
1424800800,-1.0
1424822400,-1.0
1424844000,-1.0
1424865600,-1.0
1424887200,-1.0
1424908800,-1.0
1424930400,-1.0
1424952000,-1.0
1424973600,-1.0
1424995200,-1.0
1425016800,-1.0
1425038400,-1.0
1425060000,-1.0
1425081600,-1.0
1425103200,-1.0
1425124800,-1.0
1425146400,-1.0
1425168000,-1.0
1425189600,-1.0
1425211200,-1.0
1425232800,-1.0
1425254400,-1.0
1425276000,-1.0
1425297600,-1.0
1425319200,-1.0
1425340800,-1.0
1425362400,-1.0
1425384000,-1.0
1425405600,-1.0
1425427200,-1.0
1425448800,-1.0
1425470400,-1.0
1425492000,-1.0
1425513600,-1.0
1425535200,-1.0
1425556800,-1.0
1425578400,-1.0
1425600000,-1.0
1425621600,-1.0
1425643200,-1.0
1425664800,-1.0
1425686400,-1.0
1425708000,-1.0
1425729600,-1.0
1425751200,-1.0
1425772800,-1.0
1425794400,-1.0
1425816000,-1.0
1425837600,-1.0
1425859200,-1.0
1425880800,-1.0
1425902400,-1.0
1425924000,-1.0
1425945600,-1.0
1425967200,-1.0
1425988800,-1.0
1426010400,-1.0
1426032000,-1.0
1426053600,-1.0
1426075200,-1.0
1426096800,-1.0
1426118400,-1.0
1426140000,-1.0
1426161600,-1.0
1426183200,-1.0
1426204800,-1.0
1426226400,-1.0
1426248000,-1.0
1426269600,-1.0
1426291200,-1.0
1426312800,-1.0
1426334400,-1.0
1426356000,-1.0
1426377600,-1.0
1426399200,-1.0
1426420800,-1.0
1426442400,-1.0
1426464000,-1.0
1426485600,-1.0
1426507200,-1.0
1426528800,-1.0
1426550400,-1.0
1426572000,-1.0
1426593600,-1.0
1426615200,-1.0
1426636800,-1.0
1426658400,-1.0
1426680000,-1.0
1426701600,-1.0
1426723200,-1.0
1426744800,-1.0
1426766400,-1.0
1426788000,-1.0
1426809600,-1.0
1426831200,-1.0
1426852800,-1.0
1426874400,-1.0
1426896000,-1.0
1426917600,-1.0
1426939200,-1.0
1426960800,-1.0
1426982400,-1.0
1427004000,-1.0
1427025600,-1.0
1427047200,-1.0
1427068800,-1.0
1427090400,-1.0
1427112000,-1.0
1427133600,-1.0
1427155200,-1.0
1427176800,-1.0
1427198400,-1.0
1427220000,-1.0
1427241600,-1.0
1427263200,-1.0
1427284800,-1.0
1427306400,-1.0
1427328000,-1.0
1427349600,-1.0
1427371200,-1.0
1427392800,-1.0
1427414400,-1.0
1427436000,-1.0
1427457600,-1.0
1427479200,-1.0
1427500800,-1.0
1427522400,-1.0
1427544000,-1.0
1427565600,-1.0
1427587200,-1.0
1427608800,-1.0
1427630400,-1.0
1427652000,-1.0
1427673600,-1.0
1427695200,-1.0
1427716800,-1.0
1427738400,-1.0
1427760000,-1.0
1427781600,-1.0
1427803200,-1.0
1427824800,-1.0
1427846400,-1.0
1427868000,-1.0
1427889600,-1.0
1427911200,-1.0
1427932800,-1.0
1427954400,-1.0
1427976000,-1.0
1427997600,-1.0
1428019200,-1.0
1428040800,-1.0
1428062400,-1.0
1428084000,-1.0
1428105600,-1.0
1428127200,-1.0
1428148800,-1.0
1428170400,-1.0
1428192000,-1.0
1428213600,-1.0
1428235200,-1.0
1428256800,-1.0
1428278400,-1.0
1428300000,-1.0
1428321600,-1.0
1428343200,-1.0
1428364800,-1.0
1428386400,-1.0
1428408000,-1.0
1428429600,-1.0
1428451200,-1.0
1428472800,-1.0
1428494400,-1.0
1428516000,-1.0
1428537600,-1.0
1428559200,-1.0
1428580800,-1.0
1428602400,-1.0
1428624000,-1.0
1428645600,-1.0
1428667200,-1.0
1428688800,-1.0
1428710400,-1.0
1428732000,-1.0
1428753600,-1.0
1428775200,-1.0
1428796800,-1.0
1428818400,-1.0
1428840000,-1.0
1428861600,-1.0
1428883200,-1.0
1428904800,-1.0
1428926400,-1.0
1428948000,-1.0
1428969600,-1.0
1428991200,-1.0
1429012800,-1.0
1429034400,-1.0
1429056000,-1.0
1429077600,-1.0
1429099200,-1.0
1429120800,-1.0
1429142400,-1.0
1429164000,-1.0
1429185600,-1.0
1429207200,-1.0
1429228800,-1.0
1429250400,-1.0
1429272000,-1.0
1429293600,-1.0
1429315200,-1.0
1429336800,-1.0
1429358400,-1.0
1429380000,-1.0
1429401600,-1.0
1429423200,-1.0
1429444800,-1.0
1429466400,-1.0
1429488000,-1.0
1429509600,-1.0
1429531200,-1.0
1429552800,-1.0
1429574400,-1.0
1429596000,-1.0
1429617600,-1.0
1429639200,-1.0
1429660800,-1.0
1429682400,-1.0
1429704000,-1.0
1429725600,-1.0
1429747200,-1.0
1429768800,-1.0
1429790400,-1.0
1429812000,-1.0
1429833600,-1.0
1429855200,-1.0
1429876800,-1.0
1429898400,-1.0
1429920000,-1.0
1429941600,-1.0
1429963200,-1.0
1429984800,-1.0
1430006400,-1.0
1430028000,-1.0
1430049600,-1.0
1430071200,-1.0
1430092800,-1.0
1430114400,-1.0
1430136000,-1.0
1430157600,-1.0
1430179200,-1.0
1430200800,-1.0
1430222400,-1.0
1430244000,-1.0
1430265600,-1.0
1430287200,-1.0
1430308800,-1.0
1430330400,-1.0
1430352000,-1.0
1430373600,-1.0
1430395200,-1.0
1430416800,-1.0
1430438400,-1.0
1430460000,-1.0
1430481600,-1.0
1430503200,-1.0
1430524800,-1.0
1430546400,-1.0
1430568000,-1.0
1430589600,-1.0
1430611200,-1.0
1430632800,-1.0
1430654400,-1.0
1430676000,-1.0
1430697600,-1.0
1430719200,-1.0
1430740800,-1.0
1430762400,-1.0
1430784000,-1.0
1430805600,-1.0
1430827200,-1.0
1430848800,-1.0
1430870400,-1.0
1430892000,-1.0
1430913600,-1.0
1430935200,-1.0
1430956800,-1.0
1430978400,-1.0
1431000000,-1.0
1431021600,-1.0
1431043200,-1.0
1431064800,-1.0
1431086400,-1.0
1431108000,-1.0
1431129600,-1.0
1431151200,-1.0
1431172800,-1.0
1431194400,-1.0
1431216000,-1.0
1431237600,-1.0
1431259200,-1.0
1431280800,-1.0
1431302400,-1.0
1431324000,-1.0
1431345600,-1.0
1431367200,-1.0
1431388800,-1.0
1431410400,-1.0
1431432000,-1.0
1431453600,-1.0
1431475200,-1.0
1431496800,-1.0
1431518400,-1.0
1431540000,-1.0
1431561600,-1.0
1431583200,-1.0
1431604800,-1.0
1431626400,-1.0
1431648000,-1.0
1431669600,-1.0
1431691200,-1.0
1431712800,-1.0
1431734400,-1.0
1431756000,-1.0
1431777600,-1.0
1431799200,-1.0
1431820800,-1.0
1431842400,-1.0
1431864000,-1.0
1431885600,-1.0
1431907200,-1.0
1431928800,-1.0
1431950400,-1.0
1431972000,-1.0
1431993600,-1.0
1432015200,-1.0
1432036800,-1.0
1432058400,-1.0
1432080000,-1.0
1432101600,-1.0
1432123200,-1.0
1432144800,-1.0
1432166400,-1.0
1432188000,-1.0
1432209600,-1.0
1432231200,-1.0
1432252800,-1.0
1432274400,-1.0
1432296000,-1.0
1432317600,-1.0
1432339200,-1.0
1432360800,-1.0
1432382400,-1.0
1432404000,-1.0
1432425600,-1.0
1432447200,-1.0
1432468800,-1.0
1432490400,-1.0
1432512000,-1.0
1432533600,-1.0
1432555200,-1.0
1432576800,-1.0
1432598400,-1.0
1432620000,-1.0
1432641600,-1.0
1432663200,-1.0
1432684800,-1.0
1432706400,-1.0
1432728000,-1.0
1432749600,-1.0
1432771200,-1.0
1432792800,-1.0
1432814400,-1.0
1432836000,-1.0
1432857600,-1.0
1432879200,-1.0
1432900800,-1.0
1432922400,-1.0
1432944000,-1.0
1432965600,-1.0
1432987200,-1.0
1433008800,-1.0
1433030400,-1.0
1433052000,-1.0
1433073600,-1.0
1433095200,-1.0
1433116800,-1.0
1433138400,-1.0
1433160000,-1.0
1433181600,-1.0
1433203200,-1.0
1433224800,-1.0
1433246400,-1.0
1433268000,-1.0
1433289600,-1.0
1433311200,-1.0
1433332800,-1.0
1433354400,-1.0
1433376000,-1.0
1433397600,-1.0
1433419200,-1.0
1433440800,-1.0
1433462400,-1.0
1433484000,-1.0
1433505600,-1.0
1433527200,-1.0
1433548800,-1.0
1433570400,-1.0
1433592000,-1.0
1433613600,-1.0
1433635200,-1.0
1433656800,-1.0
1433678400,-1.0
1433700000,-1.0
1433721600,-1.0
1433743200,-1.0
1433764800,-1.0
1433786400,-1.0
1433808000,-1.0
1433829600,-1.0
1433851200,-1.0
1433872800,-1.0
1433894400,-1.0
1433916000,-1.0
1433937600,-1.0
1433959200,-1.0
1433980800,-1.0
1434002400,-1.0
1434024000,-1.0
1434045600,-1.0
1434067200,-1.0
1434088800,-1.0
1434110400,-1.0
1434132000,-1.0
1434153600,-1.0
1434175200,-1.0
1434196800,-1.0
1434218400,-1.0
1434240000,-1.0
1434261600,-1.0
1434283200,-1.0
1434304800,-1.0
1434326400,-1.0
1434348000,-1.0
1434369600,-1.0
1434391200,-1.0
1434412800,-1.0
1434434400,-1.0
1434456000,-1.0
1434477600,-1.0
1434499200,-1.0
1434520800,-1.0
1434542400,-1.0
1434564000,-1.0
1434585600,-1.0
1434607200,-1.0
1434628800,-1.0
1434650400,-1.0
1434672000,-1.0
1434693600,-1.0
1434715200,-1.0
1434736800,-1.0
1434758400,-1.0
1434780000,-1.0
1434801600,-1.0
1434823200,-1.0
1434844800,-1.0
1434866400,-1.0
1434888000,-1.0
1434909600,-1.0
1434931200,-1.0
1434952800,-1.0
1434974400,-1.0
1434996000,-1.0
1435017600,-1.0
1435039200,-1.0
1435060800,-1.0
1435082400,-1.0
1435104000,-1.0
1435125600,-1.0
1435147200,-1.0
1435168800,-1.0
1435190400,-1.0
1435212000,-1.0
1435233600,-1.0
1435255200,-1.0
1435276800,-1.0
1435298400,-1.0
1435320000,-1.0
1435341600,-1.0
1435363200,-1.0
1435384800,-1.0
1435406400,-1.0
1435428000,-1.0
1435449600,-1.0
1435471200,-1.0
1435492800,-1.0
1435514400,-1.0
1435536000,-1.0
1435557600,-1.0
1435579200,-1.0
1435600800,-1.0
1435622400,-1.0
1435644000,-1.0
1435665600,-1.0
1435687200,-1.0
1435708800,-1.0
1435730400,-1.0
1435752000,-1.0
1435773600,-1.0
1435795200,-1.0
1435816800,-1.0
1435838400,-1.0
1435860000,-1.0
1435881600,-1.0
1435903200,-1.0
1435924800,-1.0
1435946400,-1.0
1435968000,-1.0
1435989600,-1.0
1436011200,-1.0
1436032800,-1.0
1436054400,-1.0
1436076000,-1.0
1436097600,-1.0
1436119200,-1.0
1436140800,-1.0
1436162400,-1.0
1436184000,-1.0
1436205600,-1.0
1436227200,-1.0
1436248800,-1.0
1436270400,-1.0
1436292000,-1.0
1436313600,-1.0
1436335200,-1.0
1436356800,-1.0
1436378400,-1.0
1436400000,-1.0
1436421600,-1.0
1436443200,-1.0
1436464800,-1.0
1436486400,-1.0
1436508000,-1.0
1436529600,-1.0
1436551200,-1.0
1436572800,-1.0
1436594400,-1.0
1436616000,-1.0
1436637600,-1.0
1436659200,-1.0
1436680800,-1.0
1436702400,-1.0
1436724000,-1.0
1436745600,-1.0
1436767200,-1.0
1436788800,-1.0
1436810400,-1.0
1436832000,-1.0
1436853600,-1.0
1436875200,-1.0
1436896800,-1.0
1436918400,-1.0
1436940000,-1.0
1436961600,-1.0
1436983200,-1.0
1437004800,-1.0
1437026400,-1.0
1437048000,-1.0
1437069600,-1.0
1437091200,-1.0
1437112800,-1.0
1437134400,-1.0
1437156000,-1.0
1437177600,-1.0
1437199200,-1.0
1437220800,-1.0
1437242400,-1.0
1437264000,-1.0
1437285600,-1.0
1437307200,-1.0
1437328800,-1.0
1437350400,-1.0
1437372000,-1.0
1437393600,-1.0
1437415200,-1.0
1437436800,-1.0
1437458400,-1.0
1437480000,-1.0
1437501600,-1.0
1437523200,-1.0
1437544800,-1.0
1437566400,-1.0
1437588000,-1.0
1437609600,-1.0
1437631200,-1.0
1437652800,-1.0
1437674400,-1.0
1437696000,-1.0
1437717600,-1.0
1437739200,-1.0
1437760800,-1.0
1437782400,-1.0
1437804000,-1.0
1437825600,-1.0
1437847200,-1.0
1437868800,-1.0
1437890400,-1.0
1437912000,-1.0
1437933600,-1.0
1437955200,-1.0
1437976800,-1.0
1437998400,-1.0
1438020000,-1.0
1438041600,-1.0
1438063200,-1.0
1438084800,-1.0
1438106400,-1.0
1438128000,-1.0
1438149600,-1.0
1438171200,-1.0
1438192800,-1.0
1438214400,-1.0
1438236000,-1.0
1438257600,-1.0
1438279200,-1.0
1438300800,-1.0
1438322400,-1.0
1438344000,-1.0
1438365600,-1.0
1438387200,-1.0
1438408800,-1.0
1438430400,-1.0
1438452000,-1.0
1438473600,-1.0
1438495200,-1.0
1438516800,-1.0
1438538400,-1.0
1438560000,-1.0
1438581600,-1.0
1438603200,-1.0
1438624800,-1.0
1438646400,-1.0
1438668000,-1.0
1438689600,-1.0
1438711200,-1.0
1438732800,-1.0
1438754400,-1.0
1438776000,-1.0
1438797600,-1.0
1438819200,-1.0
1438840800,-1.0
1438862400,-1.0
1438884000,-1.0
1438905600,-1.0
1438927200,-1.0
1438948800,-1.0
1438970400,-1.0
1438992000,-1.0
1439013600,-1.0
1439035200,-1.0
1439056800,-1.0
1439078400,-1.0
1439100000,-1.0
1439121600,-1.0
1439143200,-1.0
1439164800,-1.0
1439186400,-1.0
1439208000,-1.0
1439229600,-1.0
1439251200,-1.0
1439272800,-1.0
1439294400,-1.0
1439316000,-1.0
1439337600,-1.0
1439359200,-1.0
1439380800,-1.0
1439402400,-1.0
1439424000,-1.0
1439445600,-1.0
1439467200,-1.0
1439488800,-1.0
1439510400,-1.0
1439532000,-1.0
1439553600,-1.0
1439575200,-1.0
1439596800,-1.0
1439618400,-1.0
1439640000,-1.0
1439661600,-1.0
1439683200,-1.0
1439704800,-1.0
1439726400,-1.0
1439748000,-1.0
1439769600,-1.0
1439791200,-1.0
1439812800,-1.0
1439834400,-1.0
1439856000,-1.0
1439877600,-1.0
1439899200,-1.0
1439920800,-1.0
1439942400,-1.0
1439964000,-1.0
1439985600,-1.0
1440007200,-1.0
1440028800,-1.0
1440050400,-1.0
1440072000,-1.0
1440093600,-1.0
1440115200,-1.0
1440136800,-1.0
1440158400,-1.0
1440180000,-1.0
1440201600,-1.0
1440223200,-1.0
1440244800,-1.0
1440266400,-1.0
1440288000,-1.0
1440309600,-1.0
1440331200,-1.0
1440352800,-1.0
1440374400,-1.0
1440396000,-1.0
1440417600,-1.0
1440439200,-1.0
1440460800,-1.0
1440482400,-1.0
1440504000,-1.0
1440525600,-1.0
1440547200,-1.0
1440568800,-1.0
1440590400,-1.0
1440612000,-1.0
1440633600,-1.0
1440655200,-1.0
1440676800,-1.0
1440698400,-1.0
1440720000,-1.0
1440741600,-1.0
1440763200,-1.0
1440784800,-1.0
1440806400,-1.0
1440828000,-1.0
1440849600,-1.0
1440871200,-1.0
1440892800,-1.0
1440914400,-1.0
1440936000,-1.0
1440957600,-1.0
1440979200,-1.0
1441000800,-1.0
1441022400,-1.0
1441044000,-1.0
1441065600,-1.0
1441087200,-1.0
1441108800,-1.0
1441130400,-1.0
1441152000,-1.0
1441173600,-1.0
1441195200,-1.0
1441216800,-1.0
1441238400,-1.0
1441260000,-1.0
1441281600,-1.0
1441303200,-1.0
1441324800,-1.0
1441346400,-1.0
1441368000,-1.0
1441389600,-1.0
1441411200,-1.0
1441432800,-1.0
1441454400,-1.0
1441476000,-1.0
1441497600,-1.0
1441519200,-1.0
1441540800,-1.0
1441562400,-1.0
1441584000,-1.0
1441605600,-1.0
1441627200,-1.0
1441648800,-1.0
1441670400,-1.0
1441692000,-1.0
1441713600,-1.0
1441735200,-1.0
1441756800,-1.0
1441778400,-1.0
1441800000,-1.0
1441821600,-1.0
1441843200,-1.0
1441864800,-1.0
1441886400,-1.0
1441908000,-1.0
1441929600,-1.0
1441951200,-1.0
1441972800,-1.0
1441994400,-1.0
1442016000,-1.0
1442037600,-1.0
1442059200,-1.0
1442080800,-1.0
1442102400,-1.0
1442124000,-1.0
1442145600,-1.0
1442167200,-1.0
1442188800,-1.0
1442210400,-1.0
1442232000,-1.0
1442253600,-1.0
1442275200,-1.0
1442296800,-1.0
1442318400,-1.0
1442340000,-1.0
1442361600,-1.0
1442383200,-1.0
1442404800,-1.0
1442426400,-1.0
1442448000,-1.0
1442469600,-1.0
1442491200,-1.0
1442512800,-1.0
1442534400,-1.0
1442556000,-1.0
1442577600,-1.0
1442599200,-1.0
1442620800,-1.0
1442642400,-1.0
1442664000,-1.0
1442685600,-1.0
1442707200,-1.0
1442728800,-1.0
1442750400,-1.0
1442772000,-1.0
1442793600,-1.0
1442815200,-1.0
1442836800,-1.0
1442858400,-1.0
1442880000,-1.0
1442901600,-1.0
1442923200,-1.0
1442944800,-1.0
1442966400,-1.0
1442988000,-1.0
1443009600,-1.0
1443031200,-1.0
1443052800,-1.0
1443074400,-1.0
1443096000,-1.0
1443117600,-1.0
1443139200,-1.0
1443160800,-1.0
1443182400,-1.0
1443204000,-1.0
1443225600,-1.0
1443247200,-1.0
1443268800,-1.0
1443290400,-1.0
1443312000,-1.0
1443333600,-1.0
1443355200,-1.0
1443376800,-1.0
1443398400,-1.0
1443420000,-1.0
1443441600,-1.0
1443463200,-1.0
1443484800,-1.0
1443506400,-1.0
1443528000,-1.0
1443549600,-1.0
1443571200,-1.0
1443592800,-1.0
1443614400,-1.0
1443636000,-1.0
1443657600,-1.0
1443679200,-1.0
1443700800,-1.0
1443722400,-1.0
1443744000,-1.0
1443765600,-1.0
1443787200,-1.0
1443808800,-1.0
1443830400,-1.0
1443852000,-1.0
1443873600,-1.0
1443895200,-1.0
1443916800,-1.0
1443938400,-1.0
1443960000,-1.0
1443981600,-1.0
1444003200,-1.0
1444024800,-1.0
1444046400,-1.0
1444068000,-1.0
1444089600,-1.0
1444111200,-1.0
1444132800,-1.0
1444154400,-1.0
1444176000,-1.0
1444197600,-1.0
1444219200,-1.0
1444240800,-1.0
1444262400,-1.0
1444284000,-1.0
1444305600,-1.0
1444327200,-1.0
1444348800,-1.0
1444370400,-1.0
1444392000,-1.0
1444413600,-1.0
1444435200,-1.0
1444456800,-1.0
1444478400,-1.0
1444500000,-1.0
1444521600,-1.0
1444543200,-1.0
1444564800,-1.0
1444586400,-1.0
1444608000,-1.0
1444629600,-1.0
1444651200,-1.0
1444672800,-1.0
1444694400,-1.0
1444716000,-1.0
1444737600,-1.0
1444759200,-1.0
1444780800,-1.0
1444802400,-1.0
1444824000,-1.0
1444845600,-1.0
1444867200,-1.0
1444888800,-1.0
1444910400,-1.0
1444932000,-1.0
1444953600,-1.0
1444975200,-1.0
1444996800,-1.0
1445018400,-1.0
1445040000,-1.0
1445061600,-1.0
1445083200,-1.0
1445104800,-1.0
1445126400,-1.0
1445148000,-1.0
1445169600,-1.0
1445191200,-1.0
1445212800,-1.0
1445234400,-1.0
1445256000,-1.0
1445277600,-1.0
1445299200,-1.0
1445320800,-1.0
1445342400,-1.0
1445364000,-1.0
1445385600,-1.0
1445407200,-1.0
1445428800,-1.0
1445450400,-1.0
1445472000,-1.0
1445493600,-1.0
1445515200,-1.0
1445536800,-1.0
1445558400,-1.0
1445580000,-1.0
1445601600,-1.0
1445623200,-1.0
1445644800,-1.0
1445666400,-1.0
1445688000,-1.0
1445709600,-1.0
1445731200,-1.0
1445752800,-1.0
1445774400,-1.0
1445796000,-1.0
1445817600,-1.0
1445839200,-1.0
1445860800,-1.0
1445882400,-1.0
1445904000,-1.0
1445925600,-1.0
1445947200,-1.0
1445968800,-1.0
1445990400,-1.0
1446012000,-1.0
1446033600,-1.0
1446055200,-1.0
1446076800,-1.0
1446098400,-1.0
1446120000,-1.0
1446141600,-1.0
1446163200,-1.0
1446184800,-1.0
1446206400,-1.0
1446228000,-1.0
1446249600,-1.0
1446271200,-1.0
1446292800,-1.0
1446314400,-1.0
1446336000,-1.0
1446357600,-1.0
1446379200,-1.0
1446400800,-1.0
1446422400,-1.0
1446444000,-1.0
1446465600,-1.0
1446487200,-1.0
1446508800,-1.0
1446530400,-1.0
1446552000,-1.0
1446573600,-1.0
1446595200,-1.0
1446616800,-1.0
1446638400,-1.0
1446660000,-1.0
1446681600,-1.0
1446703200,-1.0
1446724800,-1.0
1446746400,-1.0
1446768000,-1.0
1446789600,-1.0
1446811200,-1.0
1446832800,-1.0
1446854400,-1.0
1446876000,-1.0
1446897600,-1.0
1446919200,-1.0
1446940800,-1.0
1446962400,-1.0
1446984000,-1.0
1447005600,-1.0
1447027200,-1.0
1447048800,-1.0
1447070400,-1.0
1447092000,-1.0
1447113600,-1.0
1447135200,-1.0
1447156800,-1.0
1447178400,-1.0
1447200000,-1.0
1447221600,-1.0
1447243200,-1.0
1447264800,-1.0
1447286400,-1.0
1447308000,-1.0
1447329600,-1.0
1447351200,-1.0
1447372800,-1.0
1447394400,-1.0
1447416000,-1.0
1447437600,-1.0
1447459200,-1.0
1447480800,-1.0
1447502400,-1.0
1447524000,-1.0
1447545600,-1.0
1447567200,-1.0
1447588800,-1.0
1447610400,-1.0
1447632000,-1.0
1447653600,-1.0
1447675200,-1.0
1447696800,-1.0
1447718400,-1.0
1447740000,-1.0
1447761600,-1.0
1447783200,-1.0
1447804800,-1.0
1447826400,-1.0
1447848000,-1.0
1447869600,-1.0
1447891200,-1.0
1447912800,-1.0
1447934400,-1.0
1447956000,-1.0
1447977600,-1.0
1447999200,-1.0
1448020800,-1.0
1448042400,-1.0
1448064000,-1.0
1448085600,-1.0
1448107200,-1.0
1448128800,-1.0
1448150400,-1.0
1448172000,-1.0
1448193600,-1.0
1448215200,-1.0
1448236800,-1.0
1448258400,-1.0
1448280000,-1.0
1448301600,-1.0
1448323200,-1.0
1448344800,-1.0
1448366400,-1.0
1448388000,-1.0
1448409600,-1.0
1448431200,-1.0
1448452800,-1.0
1448474400,-1.0
1448496000,-1.0
1448517600,-1.0
1448539200,-1.0
1448560800,-1.0
1448582400,-1.0
1448604000,-1.0
1448625600,-1.0
1448647200,-1.0
1448668800,-1.0
1448690400,-1.0
1448712000,-1.0
1448733600,-1.0
1448755200,-1.0
1448776800,-1.0
1448798400,-1.0
1448820000,-1.0
1448841600,-1.0
1448863200,-1.0
1448884800,-1.0
1448906400,-1.0
1448928000,-1.0
1448949600,-1.0
1448971200,-1.0
1448992800,-1.0
1449014400,-1.0
1449036000,-1.0
1449057600,-1.0
1449079200,-1.0
