timestamp,value
1424983373,2
1424983673,2
1424983973,4
1424984273,3
1424984573,5
1424984873,1
1424985173,1
1424985473,2
1424985773,8
1424986073,4
1424986373,2
1424986673,3
1424986973,1
1424987273,5
1424987573,4
1424987873,6
1424988173,1
1424988473,3
1424988773,9
1424989073,4
1424989373,2
1424989673,4
1424989973,1
1424990273,4
1424990573,6
1424990873,4
1424991173,5
1424991473,6
1424991773,2
1424992073,4
1424992373,2
1424992673,1
1424992973,2
1424993273,2
1424993573,6
1424993873,6
1424994173,3
1424994473,4
1424994773,3
1424995073,4
1424995373,5
1424995673,2
1424995973,8
1424996273,4
1424996573,5
1424996873,6
1424997173,4
1424997473,6
1424997773,9
1424998073,7
1424998373,5
1424998673,6
1424998973,6
1424999273,5
1424999573,2
1424999873,1
1425000173,2
1425000473,2
1425000773,3
1425001073,4
1425001373,4
1425001673,2
1425001973,5
1425002273,3
1425002573,3
1425002873,1
1425003173,3
1425003473,4
1425003773,2
1425004073,3
1425004373,2
1425004673,0
1425004973,3
1425005273,2
1425005573,5
1425005873,2
1425006173,1
1425006473,0
1425006773,0
1425007073,0
1425007373,1
1425007673,0
1425007973,1
1425008273,4
1425008573,1
1425008873,0
1425009173,0
1425009473,0
1425009773,1
1425010073,0
1425010373,1
1425010673,5
1425010973,2
1425011273,1
1425011573,2
1425011873,2
1425012173,0
1425012473,0
1425012773,0
1425013073,1
1425013373,0
1425013673,0
1425013973,3
1425014273,2
1425014573,1
1425014873,1
1425015173,0
1425015473,5
1425015773,0
1425016073,1
1425016373,0
1425016673,0
1425016973,1
1425017273,0
1425017573,1
1425017873,0
1425018173,0
1425018473,1
1425018773,0
1425019073,0
1425019373,1
1425019673,1
1425019973,1
1425020273,4
1425020573,4
1425020873,1
1425021173,1
1425021473,0
1425021773,1
1425022073,2
1425022373,1
1425022673,2
1425022973,2
1425023273,0
1425023573,0
1425023873,1
1425024173,2
1425024473,0
1425024773,3
1425025073,0
1425025373,1
1425025673,0
1425025973,0
1425026273,0
1425026573,0
1425026873,1
1425027173,0
1425027473,1
1425027773,1
1425028073,0
1425028373,0
1425028673,2
1425028973,0
1425029273,1
1425029573,1
1425029873,0
1425030173,2
1425030473,0
1425030773,2
1425031073,1
1425031373,0
1425031673,1
1425031973,0
1425032273,0
1425032573,0
1425032873,0
1425033173,2
1425033473,1
1425033773,1
1425034073,3
1425034373,0
1425034673,1
1425034973,0
1425035273,1
1425035573,0
1425035873,11
1425036173,0
1425036473,0
1425036773,0
1425037073,0
1425037373,1
1425037673,1
1425037973,4
1425038273,1
1425038573,0
1425038873,1
1425039173,1
1425039473,2
1425039773,2
1425040073,1
1425040373,3
1425040673,1
1425040973,1
1425041273,1
1425041573,3
1425041873,1
1425042173,0
1425042473,2
1425042773,4
1425043073,0
1425043373,11
1425043673,7
1425043973,3
1425044273,3
1425044573,6
1425044873,3
1425045173,3
1425045473,2
1425045773,4
1425046073,2
1425046373,2
1425046673,3
1425046973,2
1425047273,1
1425047573,2
1425047873,0
1425048173,6
1425048473,1
1425048773,2
1425049073,3
1425049373,1
1425049673,3
1425049973,1
1425050273,4
1425050573,5
1425050873,8
1425051173,8
1425051473,0
1425051773,4
1425052073,3
1425052373,3
1425052673,11
1425052973,7
1425053273,11
1425053573,5
1425053873,4
1425054173,3
1425054473,9
1425054773,5
1425055073,4
1425055373,4
1425055673,5
1425055973,4
1425056273,2
1425056573,5
1425056873,3
1425057173,5
1425057473,6
1425057773,5
1425058073,5
1425058373,1
1425058673,3
1425058973,4
1425059273,3
1425059573,3
1425059873,4
1425060173,4
1425060473,4
1425060773,1
1425061073,8
1425061373,1
1425061673,4
1425061973,3
1425062273,5
1425062573,5
1425062873,2
1425063173,5
1425063473,6
1425063773,1
1425064073,7
1425064373,4
1425064673,3
1425064973,4
1425065273,5
1425065573,6
1425065873,7
1425066173,4
1425066473,1
1425066773,0
1425067073,2
1425067373,4
1425067673,0
1425067973,2
1425068273,4
1425068573,3
1425068873,9
1425069173,1
1425069473,9
1425069773,1
1425070073,2
1425070373,3
1425070673,3
1425070973,4
1425071273,8
1425071573,7
1425071873,6
1425072173,6
1425072473,6
1425072773,5
1425073073,2
1425073373,2
1425073673,1
1425073973,5
1425074273,13
1425074573,4
1425074873,1
1425075173,5
1425075473,8
1425075773,3
1425076073,0
1425076373,4
1425076673,3
1425076973,3
1425077273,3
1425077573,4
1425077873,2
1425078173,4
1425078473,2
1425078773,5
1425079073,4
1425079373,1
1425079673,3
1425079973,2
1425080273,0
1425080573,1
1425080873,1
1425081173,3
1425081473,2
1425081773,8
1425082073,5
1425082373,3
1425082673,6
1425082973,8
1425083273,1
1425083573,2
1425083873,0
1425084173,4
1425084473,2
1425084773,1
1425085073,1
1425085373,6
1425085673,3
1425085973,4
1425086273,1
1425086573,4
1425086873,3
1425087173,1
1425087473,2
1425087773,5
1425088073,3
1425088373,1
1425088673,0
1425088973,2
1425089273,3
1425089573,5
1425089873,1
1425090173,1
1425090473,2
1425090773,3
1425091073,4
1425091373,2
1425091673,3
1425091973,2
1425092273,5
1425092573,0
1425092873,0
1425093173,3
1425093473,2
1425093773,2
1425094073,1
1425094373,0
1425094673,0
1425094973,0
1425095273,1
1425095573,0
1425095873,2
1425096173,1
1425096473,0
1425096773,0
1425097073,0
1425097373,0
1425097673,0
1425097973,0
1425098273,0
1425098573,2
1425098873,1
1425099173,0
1425099473,0
1425099773,1
1425100073,1
1425100373,4
1425100673,0
1425100973,1
1425101273,1
1425101573,2
1425101873,2
1425102173,1
1425102473,0
1425102773,0
1425103073,2
1425103373,1
1425103673,0
1425103973,0
1425104273,1
1425104573,0
1425104873,2
1425105173,0
1425105473,0
1425105773,0
1425106073,0
1425106373,0
1425106673,0
1425106973,0
1425107273,0
1425107573,1
1425107873,0
1425108173,0
1425108473,0
1425108773,0
1425109073,2
1425109373,0
1425109673,0
1425109973,1
1425110273,0
1425110573,2
1425110873,0
1425111173,0
1425111473,1
1425111773,0
1425112073,0
1425112373,0
1425112673,0
1425112973,0
1425113273,1
1425113573,0
1425113873,0
1425114173,1
1425114473,0
1425114773,0
1425115073,0
1425115373,1
1425115673,0
1425115973,0
1425116273,1
1425116573,1
1425116873,0
1425117173,0
1425117473,0
1425117773,0
1425118073,0
1425118373,0
1425118673,0
1425118973,0
1425119273,0
1425119573,0
1425119873,2
1425120173,0
1425120473,1
1425120773,1
1425121073,0
1425121373,0
1425121673,0
1425121973,0
1425122273,1
1425122573,0
1425122873,0
1425123173,1
1425123473,0
1425123773,0
1425124073,1
1425124373,2
1425124673,2
1425124973,1
1425125273,0
1425125573,2
1425125873,0
1425126173,0
1425126473,1
1425126773,1
1425127073,3
1425127373,0
1425127673,2
1425127973,0
1425128273,0
1425128573,1
1425128873,2
1425129173,2
1425129473,1
1425129773,2
1425130073,0
1425130373,2
1425130673,2
1425130973,2
1425131273,0
1425131573,0
1425131873,2
1425132173,0
1425132473,1
1425132773,0
1425133073,1
1425133373,2
1425133673,2
1425133973,5
1425134273,0
1425134573,4
1425134873,5
1425135173,0
1425135473,0
1425135773,2
1425136073,3
1425136373,0
1425136673,1
1425136973,0
1425137273,0
1425137573,1
1425137873,1
1425138173,1
1425138473,1
1425138773,3
1425139073,13
1425139373,10
1425139673,5
1425139973,5
1425140273,4
1425140573,6
1425140873,3
1425141173,0
1425141473,3
1425141773,2
1425142073,4
1425142373,4
1425142673,1
1425142973,3
1425143273,5
1425143573,4
1425143873,0
1425144173,1
1425144473,1
1425144773,2
1425145073,0
1425145373,6
1425145673,4
1425145973,0
1425146273,1
1425146573,2
1425146873,3
1425147173,0
1425147473,3
1425147773,1
1425148073,5
1425148373,4
1425148673,2
1425148973,2
1425149273,1
1425149573,1
1425149873,0
1425150173,0
1425150473,3
1425150773,3
1425151073,3
1425151373,1
1425151673,3
1425151973,4
1425152273,3
1425152573,0
1425152873,1
1425153173,1
1425153473,3
1425153773,2
1425154073,4
1425154373,2
1425154673,1
1425154973,1
1425155273,2
1425155573,2
1425155873,1
1425156173,7
1425156473,2
1425156773,3
1425157073,2
1425157373,1
1425157673,2
1425157973,5
1425158273,1
1425158573,2
1425158873,3
1425159173,0
1425159473,0
1425159773,6
1425160073,8
1425160373,11
1425160673,7
1425160973,2
1425161273,4
1425161573,2
1425161873,3
1425162173,1
1425162473,1
1425162773,4
1425163073,0
1425163373,0
1425163673,1
1425163973,1
1425164273,1
1425164573,0
1425164873,2
1425165173,3
1425165473,1
1425165773,0
1425166073,2
1425166373,2
1425166673,3
1425166973,3
1425167273,0
1425167573,2
1425167873,1
1425168173,3
1425168473,0
1425168773,4
1425169073,0
1425169373,2
1425169673,3
1425169973,2
1425170273,2
1425170573,1
1425170873,1
1425171173,0
1425171473,0
1425171773,2
1425172073,1
1425172373,0
1425172673,0
1425172973,0
1425173273,1
1425173573,0
1425173873,0
1425174173,2
1425174473,0
1425174773,1
1425175073,0
1425175373,0
1425175673,0
1425175973,1
1425176273,0
1425176573,3
1425176873,1
1425177173,1
1425177473,0
1425177773,0
1425178073,3
1425178373,1
1425178673,0
1425178973,0
1425179273,0
1425179573,4
1425179873,0
1425180173,2
1425180473,4
1425180773,0
1425181073,1
1425181373,0
1425181673,1
1425181973,1
1425182273,0
1425182573,1
1425182873,1
1425183173,2
1425183473,0
1425183773,1
1425184073,1
1425184373,0
1425184673,0
1425184973,1
1425185273,0
1425185573,0
1425185873,0
1425186173,0
1425186473,0
1425186773,3
1425187073,0
1425187373,0
1425187673,0
1425187973,0
1425188273,0
1425188573,0
1425188873,0
1425189173,0
1425189473,1
1425189773,0
1425190073,0
1425190373,0
1425190673,0
1425190973,0
1425191273,1
1425191573,0
1425191873,0
1425192173,0
1425192473,0
1425192773,0
1425193073,0
1425193373,0
1425193673,0
1425193973,0
1425194273,0
1425194573,0
1425194873,0
1425195173,0
1425195473,0
1425195773,0
1425196073,0
1425196373,1
1425196673,0
1425196973,0
1425197273,0
1425197573,0
1425197873,0
1425198173,0
1425198473,0
1425198773,0
1425199073,0
1425199373,0
1425199673,1
1425199973,0
1425200273,0
1425200573,0
1425200873,0
1425201173,1
1425201473,1
1425201773,0
1425202073,0
1425202373,0
1425202673,0
1425202973,0
1425203273,0
1425203573,0
1425203873,0
1425204173,2
1425204473,0
1425204773,0
1425205073,0
1425205373,0
1425205673,0
1425205973,0
1425206273,0
1425206573,1
1425206873,0
1425207173,0
1425207473,0
1425207773,0
1425208073,0
1425208373,0
1425208673,0
1425208973,0
1425209273,0
1425209573,0
1425209873,0
1425210173,0
1425210473,1
1425210773,1
1425211073,0
1425211373,8
1425211673,0
1425211973,0
1425212273,2
1425212573,0
1425212873,0
1425213173,0
1425213473,0
1425213773,0
1425214073,0
1425214373,0
1425214673,0
1425214973,0
1425215273,0
1425215573,0
1425215873,1
1425216173,0
1425216473,0
1425216773,1
1425217073,0
1425217373,0
1425217673,1
1425217973,0
1425218273,0
1425218573,1
1425218873,1
1425219173,1
1425219473,1
1425219773,0
1425220073,0
1425220373,0
1425220673,0
1425220973,1
1425221273,0
1425221573,0
1425221873,0
1425222173,0
1425222473,0
1425222773,0
1425223073,0
1425223373,1
1425223673,4
1425223973,0
1425224273,0
1425224573,1
1425224873,3
1425225173,1
1425225473,0
1425225773,2
1425226073,0
1425226373,0
1425226673,3
1425226973,2
1425227273,0
1425227573,0
1425227873,0
1425228173,1
1425228473,0
1425228773,0
1425229073,0
1425229373,0
1425229673,1
1425229973,0
1425230273,2
1425230573,0
1425230873,0
1425231173,2
1425231473,1
1425231773,1
1425232073,1
1425232373,3
1425232673,5
1425232973,0
1425233273,1
1425233573,0
1425233873,1
1425234173,0
1425234473,0
1425234773,0
1425235073,0
1425235373,0
1425235673,0
1425235973,0
1425236273,0
1425236573,0
1425236873,1
1425237173,3
1425237473,0
1425237773,0
1425238073,2
1425238373,4
1425238673,2
1425238973,0
1425239273,2
1425239573,3
1425239873,1
1425240173,1
1425240473,1
1425240773,1
1425241073,2
1425241373,1
1425241673,4
1425241973,1
1425242273,2
1425242573,1
1425242873,4
1425243173,5
1425243473,3
1425243773,0
1425244073,3
1425244373,1
1425244673,3
1425244973,1
1425245273,1
1425245573,0
1425245873,1
1425246173,3
1425246473,2
1425246773,1
1425247073,0
1425247373,0
1425247673,1
1425247973,0
1425248273,4
1425248573,0
1425248873,1
1425249173,0
1425249473,2
1425249773,3
1425250073,1
1425250373,2
1425250673,0
1425250973,2
1425251273,2
1425251573,2
1425251873,1
1425252173,2
1425252473,1
1425252773,1
1425253073,1
1425253373,1
1425253673,0
1425253973,1
1425254273,1
1425254573,0
1425254873,1
1425255173,0
1425255473,1
1425255773,1
1425256073,1
1425256373,0
1425256673,0
1425256973,1
1425257273,2
1425257573,0
1425257873,2
1425258173,1
1425258473,0
1425258773,1
1425259073,1
1425259373,1
1425259673,1
1425259973,0
1425260273,3
1425260573,1
1425260873,0
1425261173,0
1425261473,1
1425261773,0
1425262073,1
1425262373,0
1425262673,0
1425262973,0
1425263273,1
1425263573,2
1425263873,2
1425264173,0
1425264473,0
1425264773,0
1425265073,1
1425265373,1
1425265673,0
1425265973,0
1425266273,0
1425266573,0
1425266873,0
1425267173,0
1425267473,0
1425267773,0
1425268073,1
1425268373,0
1425268673,0
1425268973,0
1425269273,1
1425269573,1
1425269873,1
1425270173,0
1425270473,1
1425270773,1
1425271073,0
1425271373,0
1425271673,3
1425271973,0
1425272273,0
1425272573,2
1425272873,0
1425273173,1
1425273473,1
1425273773,0
1425274073,1
1425274373,0
1425274673,0
1425274973,0
1425275273,0
1425275573,0
1425275873,0
1425276173,0
1425276473,1
1425276773,0
1425277073,1
1425277373,1
1425277673,0
1425277973,1
1425278273,0
1425278573,0
1425278873,0
1425279173,0
1425279473,0
1425279773,0
1425280073,0
1425280373,0
1425280673,1
1425280973,1
1425281273,0
1425281573,0
1425281873,0
1425282173,0
1425282473,0
1425282773,0
1425283073,0
1425283373,0
1425283673,0
1425283973,0
1425284273,2
1425284573,0
1425284873,0
1425285173,0
1425285473,3
1425285773,2
1425286073,1
1425286373,1
1425286673,2
1425286973,0
1425287273,0
1425287573,1
1425287873,1
1425288173,0
1425288473,1
1425288773,0
1425289073,0
1425289373,0
1425289673,1
1425289973,3
1425290273,1
1425290573,2
1425290873,0
1425291173,0
1425291473,1
1425291773,0
1425292073,0
1425292373,1
1425292673,0
1425292973,1
1425293273,2
1425293573,1
1425293873,0
1425294173,0
1425294473,0
1425294773,0
1425295073,0
1425295373,1
1425295673,0
1425295973,0
1425296273,0
1425296573,1
1425296873,0
1425297173,0
1425297473,3
1425297773,2
1425298073,0
1425298373,1
1425298673,3
1425298973,1
1425299273,0
1425299573,3
1425299873,0
1425300173,2
1425300473,1
1425300773,5
1425301073,1
1425301373,1
1425301673,1
1425301973,1
1425302273,1
1425302573,6
1425302873,2
1425303173,2
1425303473,4
1425303773,6
1425304073,2
1425304373,2
1425304673,1
1425304973,2
1425305273,2
1425305573,0
1425305873,0
1425306173,1
1425306473,1
1425306773,0
1425307073,1
1425307373,3
1425307673,5
1425307973,2
1425308273,2
1425308573,2
1425308873,2
1425309173,3
1425309473,5
1425309773,3
1425310073,3
1425310373,1
1425310673,3
1425310973,4
1425311273,1
1425311573,1
1425311873,3
1425312173,7
1425312473,1
1425312773,1
1425313073,5
1425313373,2
1425313673,2
1425313973,3
1425314273,3
1425314573,2
1425314873,2
1425315173,7
1425315473,4
1425315773,6
1425316073,7
1425316373,5
1425316673,8
1425316973,6
1425317273,6
1425317573,4
1425317873,4
1425318173,5
1425318473,8
1425318773,4
1425319073,1
1425319373,5
1425319673,4
1425319973,1
1425320273,3
1425320573,8
1425320873,4
1425321173,4
1425321473,3
1425321773,6
1425322073,1
1425322373,7
1425322673,8
1425322973,2
1425323273,3
1425323573,7
1425323873,10
1425324173,3
1425324473,3
1425324773,3
1425325073,3
1425325373,2
1425325673,6
1425325973,2
1425326273,3
1425326573,6
1425326873,6
1425327173,6
1425327473,0
1425327773,3
1425328073,4
1425328373,2
1425328673,2
1425328973,3
1425329273,2
1425329573,2
1425329873,5
1425330173,2
1425330473,2
1425330773,3
1425331073,6
1425331373,6
1425331673,5
1425331973,2
1425332273,1
1425332573,2
1425332873,0
1425333173,4
1425333473,2
1425333773,3
1425334073,1
1425334373,1
1425334673,3
1425334973,2
1425335273,6
1425335573,3
1425335873,8
1425336173,2
1425336473,8
1425336773,8
1425337073,13
1425337373,3
1425337673,3
1425337973,4
1425338273,1
1425338573,10
1425338873,53
1425339173,33
1425339473,46
1425339773,59
1425340073,30
1425340373,10
1425340673,2
1425340973,2
1425341273,3
1425341573,4
1425341873,1
1425342173,1
1425342473,3
1425342773,1
1425343073,5
1425343373,3
1425343673,0
1425343973,1
1425344273,0
1425344573,1
1425344873,2
1425345173,0
1425345473,4
1425345773,2
1425346073,0
1425346373,0
1425346673,2
1425346973,1
1425347273,2
1425347573,2
1425347873,2
1425348173,3
1425348473,4
1425348773,3
1425349073,1
1425349373,3
1425349673,0
1425349973,1
1425350273,0
1425350573,1
1425350873,3
1425351173,1
1425351473,1
1425351773,2
1425352073,1
1425352373,0
1425352673,0
1425352973,1
1425353273,0
1425353573,3
1425353873,10
1425354173,2
1425354473,5
1425354773,1
1425355073,0
1425355373,0
1425355673,1
1425355973,0
1425356273,0
1425356573,0
1425356873,0
1425357173,2
1425357473,2
1425357773,0
1425358073,0
1425358373,0
1425358673,1
1425358973,0
1425359273,0
1425359573,3
1425359873,2
1425360173,0
1425360473,1
1425360773,1
1425361073,5
1425361373,1
1425361673,1
1425361973,1
1425362273,3
1425362573,4
1425362873,3
1425363173,0
1425363473,2
1425363773,0
1425364073,1
1425364373,0
1425364673,2
1425364973,2
1425365273,0
1425365573,75
1425365873,97
1425366173,83
1425366473,97
1425366773,92
1425367073,51
1425367373,22
1425367673,5
1425367973,0
1425368273,0
1425368573,88
1425368873,98
1425369173,97
1425369473,106
1425369773,76
1425370073,37
1425370373,17
1425370673,2
1425370973,1
1425371273,0
1425371573,0
1425371873,1
1425372173,0
1425372473,1
1425372773,0
1425373073,1
1425373373,1
1425373673,0
1425373973,0
1425374273,0
1425374573,3
1425374873,2
1425375173,1
1425375473,0
1425375773,0
1425376073,2
1425376373,0
1425376673,0
1425376973,0
1425377273,1
1425377573,3
1425377873,1
1425378173,0
1425378473,0
1425378773,0
1425379073,0
1425379373,0
1425379673,0
1425379973,1
1425380273,0
1425380573,0
1425380873,2
1425381173,0
1425381473,1
1425381773,4
1425382073,0
1425382373,0
1425382673,0
1425382973,0
1425383273,0
1425383573,0
1425383873,0
1425384173,3
1425384473,1
1425384773,1
1425385073,0
1425385373,1
1425385673,4
1425385973,2
1425386273,0
1425386573,3
1425386873,2
1425387173,3
1425387473,2
1425387773,2
1425388073,0
1425388373,2
1425388673,0
1425388973,2
1425389273,1
1425389573,1
1425389873,5
1425390173,2
1425390473,4
1425390773,0
1425391073,1
1425391373,2
1425391673,2
1425391973,3
1425392273,4
1425392573,5
1425392873,6
1425393173,2
1425393473,4
1425393773,1
1425394073,3
1425394373,1
1425394673,4
1425394973,2
1425395273,5
1425395573,1
1425395873,1
1425396173,0
1425396473,6
1425396773,2
1425397073,4
1425397373,5
1425397673,5
1425397973,4
1425398273,5
1425398573,5
1425398873,4
1425399173,3
1425399473,1
1425399773,3
1425400073,1
1425400373,3
1425400673,2
1425400973,8
1425401273,3
1425401573,1
1425401873,4
1425402173,3
1425402473,2
1425402773,3
1425403073,3
1425403373,0
1425403673,4
1425403973,4
1425404273,4
1425404573,8
1425404873,5
1425405173,6
1425405473,3
1425405773,6
1425406073,5
1425406373,4
1425406673,3
1425406973,2
1425407273,3
1425407573,3
1425407873,4
1425408173,0
1425408473,4
1425408773,2
1425409073,2
1425409373,4
1425409673,6
1425409973,7
1425410273,5
1425410573,4
1425410873,4
1425411173,5
1425411473,10
1425411773,2
1425412073,0
1425412373,1
1425412673,7
1425412973,1
1425413273,3
1425413573,6
1425413873,5
1425414173,83
1425414473,95
1425414773,81
1425415073,120
1425415373,114
1425415673,70
1425415973,45
1425416273,23
1425416573,23
1425416873,25
1425417173,16
1425417473,2
1425417773,0
1425418073,5
1425418373,2
1425418673,1
1425418973,1
1425419273,4
1425419573,2
1425419873,6
1425420173,3
1425420473,7
1425420773,1
1425421073,1
1425421373,2
1425421673,1
1425421973,2
1425422273,4
1425422573,5
1425422873,3
1425423173,7
1425423473,5
1425423773,4
1425424073,3
1425424373,0
1425424673,3
1425424973,6
1425425273,4
1425425573,7
1425425873,10
1425426173,3
1425426473,6
1425426773,0
1425427073,5
1425427373,4
1425427673,5
1425427973,2
1425428273,8
1425428573,4
1425428873,7
1425429173,4
1425429473,4
1425429773,9
1425430073,4
1425430373,5
1425430673,2
1425430973,5
1425431273,3
1425431573,4
1425431873,4
1425432173,1
1425432473,2
1425432773,1
1425433073,2
1425433373,3
1425433673,3
1425433973,2
1425434273,1
1425434573,3
1425434873,2
1425435173,1
1425435473,1
1425435773,0
1425436073,1
1425436373,4
1425436673,2
1425436973,0
1425437273,0
1425437573,1
1425437873,4
1425438173,1
1425438473,1
1425438773,2
1425439073,0
1425439373,10
1425439673,5
1425439973,0
1425440273,0
1425440573,1
1425440873,0
1425441173,0
1425441473,3
1425441773,0
1425442073,1
1425442373,2
1425442673,1
1425442973,0
1425443273,0
1425443573,3
1425443873,4
1425444173,0
1425444473,0
1425444773,1
1425445073,0
1425445373,0
1425445673,0
1425445973,2
1425446273,0
1425446573,0
1425446873,0
1425447173,0
1425447473,0
1425447773,0
1425448073,0
1425448373,0
1425448673,1
1425448973,1
1425449273,1
1425449573,4
1425449873,1
1425450173,0
1425450473,1
1425450773,1
1425451073,0
1425451373,2
1425451673,0
1425451973,1
1425452273,0
1425452573,1
1425452873,0
1425453173,0
1425453473,0
1425453773,0
1425454073,0
1425454373,0
1425454673,0
1425454973,1
1425455273,0
1425455573,0
1425455873,0
1425456173,1
1425456473,0
1425456773,0
1425457073,1
1425457373,1
1425457673,1
1425457973,2
1425458273,1
1425458573,0
1425458873,0
1425459173,0
1425459473,0
1425459773,1
1425460073,0
1425460373,1
1425460673,0
1425460973,3
1425461273,0
1425461573,2
1425461873,0
1425462173,1
1425462473,1
1425462773,5
1425463073,52
1425463373,147
1425463673,159
1425463973,99
1425464273,0
1425464573,0
1425464873,1
1425465173,141
1425465473,162
1425465773,163
1425466073,146
1425466373,125
1425466673,71
1425466973,22
1425467273,2
1425467573,3
1425467873,3
1425468173,2
1425468473,4
1425468773,5
1425469073,2
1425469373,4
1425469673,5
1425469973,0
1425470273,2
1425470573,6
1425470873,3
1425471173,3
1425471473,2
1425471773,1
1425472073,0
1425472373,3
1425472673,2
1425472973,2
1425473273,0
1425473573,1
1425473873,2
1425474173,0
1425474473,2
1425474773,2
1425475073,1
1425475373,1
1425475673,2
1425475973,1
1425476273,4
1425476573,40
1425476873,128
1425477173,156
1425477473,174
1425477773,159
1425478073,94
1425478373,61
1425478673,18
1425478973,2
1425479273,3
1425479573,6
1425479873,4
1425480173,7
1425480473,9
1425480773,1
1425481073,3
1425481373,3
1425481673,3
1425481973,3
1425482273,4
1425482573,0
1425482873,5
1425483173,1
1425483473,1
1425483773,2
1425484073,1
1425484373,5
1425484673,2
1425484973,3
1425485273,44
1425485573,16
1425485873,6
1425486173,6
1425486473,1
1425486773,2
1425487073,3
1425487373,3
1425487673,3
1425487973,1
1425488273,1
1425488573,1
1425488873,3
1425489173,6
1425489473,2
1425489773,4
1425490073,1
1425490373,5
1425490673,6
1425490973,52
1425491273,13
1425491573,7
1425491873,8
1425492173,6
1425492473,14
1425492773,6
1425493073,3
1425493373,3
1425493673,4
1425493973,3
1425494273,1
1425494573,3
1425494873,2
1425495173,3
1425495473,3
1425495773,3
1425496073,4
1425496373,3
1425496673,2
1425496973,5
1425497273,3
1425497573,2
1425497873,4
1425498173,8
1425498473,3
1425498773,4
1425499073,8
1425499373,8
1425499673,17
1425499973,3
1425500273,6
1425500573,133
1425500873,184
1425501173,130
1425501473,160
1425501773,121
1425502073,75
1425502373,31
1425502673,6
1425502973,3
1425503273,3
1425503573,5
1425503873,5
1425504173,1
1425504473,4
1425504773,5
1425505073,5
1425505373,7
1425505673,4
1425505973,5
1425506273,6
1425506573,8
1425506873,6
1425507173,2
1425507473,0
1425507773,4
1425508073,1
1425508373,6
1425508673,7
1425508973,9
1425509273,4
1425509573,6
1425509873,6
1425510173,3
1425510473,4
1425510773,3
1425511073,10
1425511373,13
1425511673,19
1425511973,19
1425512273,15
1425512573,24
1425512873,15
1425513173,20
1425513473,22
1425513773,24
1425514073,21
1425514373,4
1425514673,3
1425514973,4
1425515273,3
1425515573,2
1425515873,4
1425516173,1
1425516473,0
1425516773,2
1425517073,3
1425517373,4
1425517673,0
1425517973,1
1425518273,3
1425518573,7
1425518873,4
1425519173,6
1425519473,2
1425519773,1
1425520073,8
1425520373,2
1425520673,4
1425520973,4
1425521273,4
1425521573,2
1425521873,2
1425522173,3
1425522473,4
1425522773,2
1425523073,4
1425523373,1
1425523673,1
1425523973,0
1425524273,0
1425524573,1
1425524873,1
1425525173,3
1425525473,0
1425525773,2
1425526073,2
1425526373,0
1425526673,1
1425526973,0
1425527273,0
1425527573,1
1425527873,2
1425528173,0
1425528473,0
1425528773,1
1425529073,2
1425529373,2
1425529673,1
1425529973,2
1425530273,3
1425530573,2
1425530873,1
1425531173,2
1425531473,3
1425531773,1
1425532073,0
1425532373,0
1425532673,0
1425532973,0
1425533273,3
1425533573,3
1425533873,1
1425534173,1
1425534473,0
1425534773,0
1425535073,2
1425535373,6
1425535673,0
1425535973,1
1425536273,1
1425536573,0
1425536873,0
1425537173,1
1425537473,1
1425537773,0
1425538073,0
1425538373,1
1425538673,1
1425538973,0
1425539273,0
1425539573,1
1425539873,0
1425540173,1
1425540473,2
1425540773,2
1425541073,0
1425541373,0
1425541673,0
1425541973,0
1425542273,0
1425542573,0
1425542873,0
1425543173,0
1425543473,0
1425543773,2
1425544073,0
1425544373,1
1425544673,0
1425544973,0
1425545273,0
1425545573,0
1425545873,1
1425546173,0
1425546473,0
1425546773,3
1425547073,2
1425547373,2
1425547673,2
1425547973,2
1425548273,1
1425548573,0
1425548873,2
1425549173,2
1425549473,3
1425549773,2
1425550073,5
1425550373,1
1425550673,3
1425550973,0
1425551273,1
1425551573,3
1425551873,1
1425552173,7
1425552473,3
1425552773,4
1425553073,3
1425553373,1
1425553673,3
1425553973,2
1425554273,2
1425554573,2
1425554873,1
1425555173,3
1425555473,2
1425555773,2
1425556073,0
1425556373,2
1425556673,2
1425556973,1
1425557273,4
1425557573,1
1425557873,2
1425558173,3
1425558473,4
1425558773,2
1425559073,1
1425559373,2
1425559673,2
1425559973,3
1425560273,4
1425560573,5
1425560873,2
1425561173,2
1425561473,4
1425561773,1
1425562073,4
1425562373,5
1425562673,1
1425562973,0
1425563273,1
1425563573,6
1425563873,10
1425564173,4
1425564473,3
1425564773,54
1425565073,181
1425565373,205
1425565673,173
1425565973,186
1425566273,124
1425566573,59
1425566873,4
1425567173,5
1425567473,9
1425567773,7
1425568073,4
1425568373,3
1425568673,7
1425568973,2
1425569273,6
1425569573,5
1425569873,3
1425570173,2
1425570473,3
1425570773,4
1425571073,128
1425571373,194
1425571673,183
1425571973,190
1425572273,157
1425572573,7
1425572873,6
1425573173,3
1425573473,6
1425573773,5
1425574073,4
1425574373,4
1425574673,2
1425574973,5
1425575273,11
1425575573,8
1425575873,2
1425576173,2
1425576473,9
1425576773,5
1425577073,4
1425577373,1
1425577673,2
1425577973,10
1425578273,196
1425578573,185
1425578873,179
1425579173,174
1425579473,149
1425579773,82
1425580073,25
1425580373,8
1425580673,8
1425580973,4
1425581273,10
1425581573,5
1425581873,8
1425582173,0
1425582473,5
1425582773,7
1425583073,4
1425583373,4
1425583673,3
1425583973,1
1425584273,4
1425584573,6
1425584873,4
1425585173,7
1425585473,2
1425585773,2
1425586073,3
1425586373,3
1425586673,2
1425586973,2
1425587273,8
1425587573,4
1425587873,4
1425588173,1
1425588473,87
1425588773,174
1425589073,207
1425589373,179
1425589673,162
1425589973,122
1425590273,53
1425590573,19
1425590873,5
1425591173,2
1425591473,8
1425591773,2
1425592073,1
1425592373,6
1425592673,7
1425592973,6
1425593273,7
1425593573,4
1425593873,7
1425594173,5
1425594473,6
1425594773,2
1425595073,1
1425595373,6
1425595673,2
1425595973,5
1425596273,3
1425596573,5
1425596873,3
1425597173,4
1425597473,4
1425597773,5
1425598073,4
1425598373,2
1425598673,5
1425598973,5
1425599273,3
1425599573,4
1425599873,3
1425600173,5
1425600473,6
1425600773,2
1425601073,6
1425601373,5
1425601673,1
1425601973,6
1425602273,0
1425602573,2
1425602873,1
1425603173,3
1425603473,2
1425603773,2
1425604073,1
1425604373,2
1425604673,2
1425604973,2
1425605273,1
1425605573,0
1425605873,1
1425606173,3
1425606473,2
1425606773,5
1425607073,7
1425607373,2
1425607673,2
1425607973,1
1425608273,23
1425608573,192
1425608873,176
1425609173,191
1425609473,175
1425609773,137
1425610073,67
1425610373,11
1425610673,1
1425610973,0
1425611273,0
1425611573,1
1425611873,1
1425612173,5
1425612473,1
1425612773,1
1425613073,0
1425613373,1
1425613673,1
1425613973,0
1425614273,1
1425614573,0
1425614873,2
1425615173,1
1425615473,0
1425615773,1
1425616073,0
1425616373,0
1425616673,0
1425616973,1
1425617273,0
1425617573,0
1425617873,2
1425618173,0
1425618473,1
1425618773,0
1425619073,0
1425619373,0
1425619673,1
1425619973,3
1425620273,1
1425620573,0
1425620873,0
1425621173,1
1425621473,1
1425621773,2
1425622073,0
1425622373,0
1425622673,1
1425622973,0
1425623273,0
1425623573,2
1425623873,0
1425624173,0
1425624473,1
1425624773,1
1425625073,1
1425625373,4
1425625673,1
1425625973,0
1425626273,0
1425626573,1
1425626873,0
1425627173,0
1425627473,0
1425627773,2
1425628073,1
1425628373,2
1425628673,0
1425628973,1
1425629273,1
1425629573,2
1425629873,0
1425630173,0
1425630473,0
1425630773,0
1425631073,1
1425631373,0
1425631673,1
1425631973,0
1425632273,2
1425632573,0
1425632873,1
1425633173,2
1425633473,2
1425633773,1
1425634073,0
1425634373,2
1425634673,0
1425634973,0
1425635273,0
1425635573,3
1425635873,0
1425636173,3
1425636473,0
1425636773,1
1425637073,1
1425637373,0
1425637673,0
1425637973,0
1425638273,3
1425638573,5
1425638873,3
1425639173,1
1425639473,5
1425639773,2
1425640073,3
1425640373,4
1425640673,4
1425640973,3
1425641273,2
1425641573,0
1425641873,3
1425642173,5
1425642473,1
1425642773,1
1425643073,5
1425643373,2
1425643673,2
1425643973,0
1425644273,143
1425644573,188
1425644873,202
1425645173,172
1425645473,166
1425645773,77
1425646073,22
1425646373,3
1425646673,3
1425646973,1
1425647273,3
1425647573,5
1425647873,5
1425648173,3
1425648473,2
1425648773,2
1425649073,2
1425649373,1
1425649673,7
1425649973,6
1425650273,1
1425650573,11
1425650873,12
1425651173,9
1425651473,10
1425651773,3
1425652073,5
1425652373,3
1425652673,4
1425652973,4
1425653273,3
1425653573,5
1425653873,3
1425654173,2
1425654473,3
1425654773,3
1425655073,7
1425655373,6
1425655673,3
1425655973,3
1425656273,3
1425656573,3
1425656873,195
1425657173,164
1425657473,203
1425657773,166
1425658073,156
1425658373,89
1425658673,18
1425658973,2
1425659273,1
1425659573,3
1425659873,3
1425660173,5
1425660473,7
1425660773,3
1425661073,3
1425661373,2
1425661673,5
1425661973,5
1425662273,9
1425662573,5
1425662873,9
1425663173,4
1425663473,2
1425663773,4
1425664073,6
1425664373,3
1425664673,4
1425664973,6
1425665273,4
1425665573,4
1425665873,0
1425666173,6
1425666473,4
1425666773,4
1425667073,3
1425667373,3
1425667673,2
1425667973,2
1425668273,1
1425668573,4
1425668873,1
1425669173,2
1425669473,5
1425669773,5
1425670073,5
1425670373,2
1425670673,4
1425670973,2
1425671273,6
1425671573,7
1425671873,7
1425672173,3
1425672473,9
1425672773,5
1425673073,1
1425673373,12
1425673673,9
1425673973,2
1425674273,6
1425674573,9
1425674873,3
1425675173,3
1425675473,6
1425675773,3
1425676073,3
1425676373,8
1425676673,4
1425676973,7
1425677273,5
1425677573,2
1425677873,9
1425678173,7
1425678473,8
1425678773,8
1425679073,4
1425679373,1
1425679673,2
1425679973,11
1425680273,5
1425680573,3
1425680873,8
1425681173,6
1425681473,2
1425681773,1
1425682073,5
1425682373,4
1425682673,8
1425682973,2
1425683273,8
1425683573,6
1425683873,6
1425684173,1
1425684473,4
1425684773,4
1425685073,4
1425685373,3
1425685673,0
1425685973,3
1425686273,3
1425686573,6
1425686873,12
1425687173,190
1425687473,191
1425687773,186
1425688073,208
1425688373,192
1425688673,180
1425688973,186
1425689273,139
1425689573,87
1425689873,15
1425690173,1
1425690473,5
1425690773,6
1425691073,6
1425691373,2
1425691673,3
1425691973,2
1425692273,2
1425692573,4
1425692873,2
1425693173,1
1425693473,6
1425693773,5
1425694073,2
1425694373,2
1425694673,3
1425694973,3
1425695273,4
1425695573,1
1425695873,2
1425696173,3
1425696473,1
1425696773,2
1425697073,0
1425697373,6
1425697673,4
1425697973,2
1425698273,0
1425698573,2
1425698873,0
1425699173,1
1425699473,1
1425699773,3
1425700073,1
1425700373,0
1425700673,0
1425700973,4
1425701273,2
1425701573,0
1425701873,1
1425702173,3
1425702473,2
1425702773,0
1425703073,1
1425703373,0
1425703673,3
1425703973,1
1425704273,2
1425704573,2
1425704873,3
1425705173,0
1425705473,0
1425705773,2
1425706073,4
1425706373,3
1425706673,5
1425706973,0
1425707273,0
1425707573,2
1425707873,3
1425708173,0
1425708473,1
1425708773,2
1425709073,0
1425709373,0
1425709673,1
1425709973,1
1425710273,1
1425710573,1
1425710873,2
1425711173,2
1425711473,0
1425711773,2
1425712073,0
1425712373,1
1425712673,0
1425712973,0
1425713273,0
1425713573,0
1425713873,2
1425714173,0
1425714473,0
1425714773,0
1425715073,0
1425715373,0
1425715673,1
1425715973,0
1425716273,0
1425716573,0
1425716873,85
1425717173,186
1425717473,176
1425717773,192
1425718073,168
1425718373,116
1425718673,38
1425718973,3
1425719273,2
1425719573,0
1425719873,0
1425720173,0
1425720473,0
1425720773,1
1425721073,0
1425721373,0
1425721673,2
1425721973,0
1425722273,1
1425722573,0
1425722873,0
1425723173,1
1425723473,0
1425723773,0
1425724073,0
1425724373,0
1425724673,0
1425724973,0
1425725273,0
1425725573,0
1425725873,2
1425726173,2
1425726473,2
1425726773,0
1425727073,1
1425727373,0
1425727673,2
1425727973,1
1425728273,2
1425728573,1
1425728873,1
1425729173,2
1425729473,1
1425729773,2
1425730073,1
1425730373,3
1425730673,0
1425730973,1
1425731273,0
1425731573,1
1425731873,1
1425732173,2
1425732473,3
1425732773,1
1425733073,0
1425733373,2
1425733673,0
1425733973,3
1425734273,1
1425734573,2
1425734873,2
1425735173,1
1425735473,0
1425735773,0
1425736073,1
1425736373,2
1425736673,8
1425736973,5
1425737273,6
1425737573,1
1425737873,1
1425738173,3
1425738473,4
1425738773,2
1425739073,2
1425739373,2
1425739673,2
1425739973,1
1425740273,2
1425740573,2
1425740873,2
1425741173,3
1425741473,7
1425741773,2
1425742073,2
1425742373,2
1425742673,1
1425742973,1
1425743273,4
1425743573,0
1425743873,5
1425744173,6
1425744473,1
1425744773,2
1425745073,2
1425745373,2
1425745673,1
1425745973,2
1425746273,4
1425746573,1
1425746873,3
1425747173,3
1425747473,5
1425747773,1
1425748073,3
1425748373,2
1425748673,1
1425748973,4
1425749273,5
1425749573,0
1425749873,2
1425750173,0
1425750473,3
1425750773,1
1425751073,2
1425751373,2
1425751673,0
1425751973,1
1425752273,2
1425752573,4
1425752873,5
1425753173,1
1425753473,1
1425753773,0
1425754073,2
1425754373,4
1425754673,0
1425754973,1
1425755273,1
1425755573,2
1425755873,3
1425756173,4
1425756473,0
1425756773,1
1425757073,3
1425757373,2
1425757673,1
1425757973,1
1425758273,2
1425758573,1
1425758873,2
1425759173,2
1425759473,3
1425759773,0
1425760073,2
1425760373,5
1425760673,2
1425760973,0
1425761273,8
1425761573,3
1425761873,0
1425762173,3
1425762473,4
1425762773,4
1425763073,7
1425763373,5
1425763673,1
1425763973,1
1425764273,1
1425764573,2
1425764873,2
1425765173,1
1425765473,1
1425765773,1
1425766073,2
1425766373,0
1425766673,1
1425766973,2
1425767273,2
1425767573,1
1425767873,1
1425768173,2
1425768473,0
1425768773,1
1425769073,5
1425769373,1
1425769673,1
1425769973,1
1425770273,1
1425770573,1
1425770873,3
1425771173,1
1425771473,1
1425771773,1
1425772073,3
1425772373,3
1425772673,0
1425772973,1
1425773273,2
1425773573,2
1425773873,1
1425774173,0
1425774473,0
1425774773,0
1425775073,1
1425775373,0
1425775673,0
1425775973,0
1425776273,0
1425776573,2
1425776873,0
1425777173,0
1425777473,0
1425777773,0
1425778073,0
1425778373,0
1425778673,0
1425778973,0
1425779273,3
1425779573,1
1425779873,0
1425780173,0
1425780473,2
1425780773,0
1425781073,0
1425781373,1
1425781673,0
1425781973,0
1425782273,0
1425782573,0
1425782873,1
1425783173,1
1425783473,1
1425783773,0
1425784073,1
1425784373,1
1425784673,1
1425784973,0
1425785273,5
1425785573,0
1425785873,1
1425786173,0
1425786473,0
1425786773,1
1425787073,1
1425787373,1
1425787673,3
1425787973,1
1425788273,0
1425788573,0
1425788873,0
1425789173,1
1425789473,0
1425789773,1
1425790073,1
1425790373,0
1425790673,0
1425790973,1
1425791273,1
1425791573,0
1425791873,0
1425792173,0
1425792473,0
1425792773,0
1425793073,0
1425793373,0
1425793673,0
1425793973,0
1425794273,0
1425794573,0
1425794873,0
1425795173,1
1425795473,0
1425795773,1
1425796073,4
1425796373,1
1425796673,0
1425796973,0
1425797273,0
1425797573,0
1425797873,0
1425798173,0
1425798473,0
1425798773,0
1425799073,0
1425799373,0
1425799673,0
1425799973,0
1425800273,1
1425800573,2
1425800873,1
1425801173,0
1425801473,0
1425801773,0
1425802073,0
1425802373,3
1425802673,0
1425802973,0
1425803273,1
1425803573,0
1425803873,0
1425804173,1
1425804473,0
1425804773,1
1425805073,0
1425805373,0
1425805673,0
1425805973,0
1425806273,1
1425806573,113
1425806873,197
1425807173,186
1425807473,193
1425807773,146
1425808073,80
1425808373,0
1425808673,0
1425808973,0
1425809273,0
1425809573,0
1425809873,0
1425810173,0
1425810473,2
1425810773,2
1425811073,1
1425811373,1
1425811673,0
1425811973,0
1425812273,0
1425812573,0
1425812873,0
1425813173,0
1425813473,0
1425813773,0
1425814073,0
1425814373,0
1425814673,0
1425814973,0
1425815273,0
1425815573,0
1425815873,2
1425816173,0
1425816473,0
1425816773,1
1425817073,1
1425817373,0
1425817673,0
1425817973,1
1425818273,0
1425818573,0
1425818873,1
1425819173,0
1425819473,3
1425819773,1
1425820073,0
1425820373,0
1425820673,1
1425820973,0
1425821273,1
1425821573,1
1425821873,0
1425822173,0
1425822473,0
1425822773,1
1425823073,138
1425823373,178
1425823673,185
1425823973,183
1425824273,156
1425824573,85
1425824873,32
1425825173,2
1425825473,3
1425825773,1
1425826073,1
1425826373,1
1425826673,0
1425826973,0
1425827273,1
1425827573,1
1425827873,0
1425828173,0
1425828473,0
1425828773,0
1425829073,1
1425829373,0
1425829673,0
1425829973,1
1425830273,0
1425830573,0
1425830873,0
1425831173,0
1425831473,0
1425831773,1
1425832073,2
1425832373,0
1425832673,1
1425832973,2
1425833273,0
1425833573,1
1425833873,2
1425834173,0
1425834473,0
1425834773,0
1425835073,3
1425835373,1
1425835673,1
1425835973,0
1425836273,1
1425836573,1
1425836873,123
1425837173,185
1425837473,176
1425837773,203
1425838073,146
1425838373,99
1425838673,28
1425838973,3
1425839273,1
1425839573,1
1425839873,0
1425840173,1
1425840473,3
1425840773,0
1425841073,1
1425841373,0
1425841673,1
1425841973,1
1425842273,2
1425842573,0
1425842873,0
1425843173,0
1425843473,1
1425843773,1
1425844073,2
1425844373,2
1425844673,0
1425844973,1
1425845273,3
1425845573,1
1425845873,0
1425846173,2
1425846473,3
1425846773,1
1425847073,0
1425847373,0
1425847673,4
1425847973,1
1425848273,2
1425848573,0
1425848873,1
1425849173,3
1425849473,1
1425849773,0
1425850073,1
1425850373,2
1425850673,0
1425850973,0
1425851273,2
1425851573,0
1425851873,0
1425852173,2
1425852473,0
1425852773,124
1425853073,172
1425853373,189
1425853673,201
1425853973,153
1425854273,98
1425854573,29
1425854873,4
1425855173,0
1425855473,0
1425855773,0
1425856073,0
1425856373,0
1425856673,3
1425856973,0
1425857273,2
1425857573,0
1425857873,1
1425858173,0
1425858473,1
1425858773,2
1425859073,2
1425859373,0
1425859673,0
1425859973,1
1425860273,4
1425860573,4
1425860873,0
1425861173,1
1425861473,2
1425861773,0
1425862073,1
1425862373,1
1425862673,1
1425862973,0
1425863273,2
1425863573,0
1425863873,1
1425864173,1
1425864473,1
1425864773,1
1425865073,0
1425865373,4
1425865673,2
1425865973,1
1425866273,1
1425866573,0
1425866873,1
1425867173,0
1425867473,0
1425867773,0
1425868073,0
1425868373,0
1425868673,0
1425868973,1
1425869273,0
1425869573,0
1425869873,0
1425870173,2
1425870473,1
1425870773,0
1425871073,0
1425871373,2
1425871673,1
1425871973,0
1425872273,2
1425872573,8
1425872873,3
1425873173,1
1425873473,3
1425873773,1
1425874073,1
1425874373,1
1425874673,1
1425874973,1
1425875273,5
1425875573,0
1425875873,1
1425876173,4
1425876473,3
1425876773,2
1425877073,2
1425877373,0
1425877673,1
1425877973,4
1425878273,0
1425878573,2
1425878873,0
1425879173,3
1425879473,2
1425879773,5
1425880073,1
1425880373,0
1425880673,2
1425880973,2
1425881273,2
1425881573,1
1425881873,0
1425882173,2
1425882473,2
1425882773,2
1425883073,0
1425883373,3
1425883673,1
1425883973,1
1425884273,1
1425884573,2
1425884873,4
1425885173,3
1425885473,3
1425885773,2
1425886073,3
1425886373,0
1425886673,1
1425886973,0
1425887273,4
1425887573,2
1425887873,2
1425888173,1
1425888473,1
1425888773,3
1425889073,3
1425889373,1
1425889673,1
1425889973,1
1425890273,1
1425890573,0
1425890873,1
1425891173,0
1425891473,2
1425891773,1
1425892073,2
1425892373,1
1425892673,1
1425892973,1
1425893273,2
1425893573,1
1425893873,1
1425894173,4
1425894473,0
1425894773,4
1425895073,3
1425895373,1
1425895673,5
1425895973,1
1425896273,1
1425896573,2
1425896873,0
1425897173,2
1425897473,4
1425897773,3
1425898073,1
1425898373,2
1425898673,9
1425898973,2
1425899273,3
1425899573,2
1425899873,1
1425900173,3
1425900473,1
1425900773,7
1425901073,2
1425901373,6
1425901673,1
1425901973,1
1425902273,4
1425902573,3
1425902873,3
1425903173,1
1425903473,1
1425903773,4
1425904073,4
1425904373,4
1425904673,3
1425904973,4
1425905273,11
1425905573,5
1425905873,2
1425906173,4
1425906473,5
1425906773,6
1425907073,4
1425907373,3
1425907673,15
1425907973,11
1425908273,4
1425908573,6
1425908873,3
1425909173,2
1425909473,4
1425909773,3
1425910073,5
1425910373,4
1425910673,4
1425910973,0
1425911273,7
1425911573,3
1425911873,3
1425912173,9
1425912473,1
1425912773,1
1425913073,4
1425913373,3
1425913673,4
1425913973,4
1425914273,6
1425914573,5
1425914873,6
1425915173,8
1425915473,6
1425915773,7
1425916073,2
1425916373,8
1425916673,8
1425916973,7
1425917273,6
1425917573,8
1425917873,7
1425918173,5
1425918473,4
1425918773,5
1425919073,8
1425919373,4
1425919673,1
1425919973,7
1425920273,6
1425920573,8
1425920873,3
1425921173,2
1425921473,5
1425921773,6
1425922073,3
1425922373,3
1425922673,5
1425922973,2
1425923273,6
1425923573,5
1425923873,1
1425924173,10
1425924473,7
1425924773,5
1425925073,5
1425925373,4
1425925673,5
1425925973,8
1425926273,10
1425926573,11
1425926873,7
1425927173,3
1425927473,3
1425927773,5
1425928073,5
1425928373,4
1425928673,5
1425928973,9
1425929273,6
1425929573,4
1425929873,7
1425930173,5
1425930473,4
1425930773,3
1425931073,2
1425931373,7
1425931673,2
1425931973,4
1425932273,8
1425932573,4
1425932873,13
1425933173,1
1425933473,3
1425933773,6
1425934073,6
1425934373,53
1425934673,176
1425934973,161
1425935273,170
1425935573,151
1425935873,98
1425936173,48
1425936473,24
1425936773,20
1425937073,22
1425937373,17
1425937673,12
1425937973,17
1425938273,17
1425938573,11
1425938873,12
1425939173,10
1425939473,9
1425939773,5
1425940073,1
1425940373,2
1425940673,1
1425940973,4
1425941273,7
1425941573,6
1425941873,5
1425942173,4
1425942473,2
1425942773,6
1425943073,6
1425943373,5
1425943673,6
1425943973,5
1425944273,6
1425944573,3
1425944873,4
1425945173,3
1425945473,2
1425945773,3
1425946073,2
1425946373,3
1425946673,8
1425946973,3
1425947273,7
1425947573,5
1425947873,4
1425948173,7
1425948473,6
1425948773,4
1425949073,2
1425949373,6
1425949673,6
1425949973,6
1425950273,5
1425950573,4
1425950873,3
1425951173,4
1425951473,6
1425951773,9
1425952073,1
1425952373,1
1425952673,1
1425952973,3
1425953273,6
1425953573,3
1425953873,2
1425954173,3
1425954473,4
1425954773,2
1425955073,5
1425955373,5
1425955673,0
1425955973,6
1425956273,2
1425956573,4
1425956873,1
1425957173,1
1425957473,5
1425957773,1
1425958073,1
1425958373,3
1425958673,3
1425958973,1
1425959273,3
1425959573,1
1425959873,1
1425960173,0
1425960473,3
1425960773,0
1425961073,2
1425961373,1
1425961673,1
1425961973,0
1425962273,1
1425962573,0
1425962873,0
1425963173,0
1425963473,0
1425963773,0
1425964073,1
1425964373,0
1425964673,1
1425964973,0
1425965273,0
1425965573,0
1425965873,2
1425966173,0
1425966473,0
1425966773,0
1425967073,1
1425967373,1
1425967673,0
1425967973,0
1425968273,0
1425968573,0
1425968873,2
1425969173,0
1425969473,1
1425969773,1
1425970073,0
1425970373,0
1425970673,0
1425970973,0
1425971273,1
1425971573,2
1425971873,1
1425972173,1
1425972473,0
1425972773,0
1425973073,0
1425973373,0
1425973673,1
1425973973,0
1425974273,38
1425974573,198
1425974873,188
1425975173,173
1425975473,165
1425975773,116
1425976073,70
1425976373,7
1425976673,0
1425976973,0
1425977273,3
1425977573,2
1425977873,0
1425978173,0
1425978473,16
1425978773,208
1425979073,196
1425979373,182
1425979673,175
1425979973,120
1425980273,40
1425980573,10
1425980873,0
1425981173,2
1425981473,1
1425981773,1
1425982073,3
1425982373,1
1425982673,1
1425982973,2
1425983273,1
1425983573,0
1425983873,0
1425984173,1
1425984473,4
1425984773,1
1425985073,10
1425985373,191
1425985673,190
1425985973,177
1425986273,159
1425986573,164
1425986873,69
1425987173,7
1425987473,5
1425987773,2
1425988073,3
1425988373,0
1425988673,5
1425988973,15
1425989273,2
1425989573,6
1425989873,2
1425990173,3
1425990473,2
1425990773,3
1425991073,3
1425991373,5
1425991673,7
1425991973,4
1425992273,2
1425992573,9
1425992873,7
1425993173,2
1425993473,1
1425993773,3
1425994073,1
1425994373,4
1425994673,1
1425994973,5
1425995273,3
1425995573,4
1425995873,2
1425996173,4
1425996473,4
1425996773,4
1425997073,2
1425997373,1
1425997673,3
1425997973,0
1425998273,4
1425998573,4
1425998873,4
1425999173,0
1425999473,2
1425999773,2
1426000073,4
1426000373,17
1426000673,184
1426000973,198
1426001273,186
1426001573,176
1426001873,143
1426002173,56
1426002473,14
1426002773,5
1426003073,3
1426003373,2
1426003673,3
1426003973,3
1426004273,1
1426004573,4
1426004873,7
1426005173,0
1426005473,5
1426005773,5
1426006073,5
1426006373,1
1426006673,21
1426006973,209
1426007273,187
1426007573,186
1426007873,171
1426008173,131
1426008473,70
1426008773,15
1426009073,9
1426009373,2
1426009673,2
1426009973,0
1426010273,2
1426010573,1
1426010873,1
1426011173,2
1426011473,4
1426011773,6
1426012073,4
1426012373,4
1426012673,6
1426012973,3
1426013273,5
1426013573,1
1426013873,3
1426014173,2
1426014473,4
1426014773,7
1426015073,4
1426015373,4
1426015673,2
1426015973,4
1426016273,3
1426016573,4
1426016873,4
1426017173,3
1426017473,4
1426017773,1
1426018073,3
1426018373,1
1426018673,9
1426018973,4
1426019273,2
1426019573,2
1426019873,3
1426020173,4
1426020473,6
1426020773,2
1426021073,3
1426021373,1
1426021673,0
1426021973,4
1426022273,2
1426022573,1
1426022873,2
1426023173,4
1426023473,4
1426023773,3
1426024073,1
1426024373,4
1426024673,2
1426024973,5
1426025273,7
1426025573,4
1426025873,4
1426026173,0
1426026473,2
1426026773,2
1426027073,1
1426027373,0
1426027673,1
1426027973,4
1426028273,1
1426028573,5
1426028873,3
1426029173,6
1426029473,5
1426029773,7
1426030073,3
1426030373,2
1426030673,2
1426030973,2
1426031273,3
1426031573,2
1426031873,1
1426032173,8
1426032473,3
1426032773,14
1426033073,6
1426033373,0
1426033673,4
1426033973,2
1426034273,1
1426034573,0
1426034873,2
1426035173,2
1426035473,0
1426035773,0
1426036073,2
1426036373,4
1426036673,1
1426036973,3
1426037273,3
1426037573,1
1426037873,1
1426038173,2
1426038473,1
1426038773,1
1426039073,4
1426039373,3
1426039673,1
1426039973,2
1426040273,2
1426040573,2
1426040873,1
1426041173,1
1426041473,2
1426041773,0
1426042073,1
1426042373,0
1426042673,0
1426042973,2
1426043273,1
1426043573,1
1426043873,1
1426044173,0
1426044473,1
1426044773,0
1426045073,1
1426045373,0
1426045673,0
1426045973,0
1426046273,0
1426046573,1
1426046873,1
1426047173,0
1426047473,0
1426047773,0
1426048073,2
1426048373,0
1426048673,1
1426048973,0
1426049273,3
1426049573,1
1426049873,1
1426050173,2
1426050473,1
1426050773,1
1426051073,0
1426051373,0
1426051673,0
1426051973,0
1426052273,1
1426052573,0
1426052873,0
1426053173,1
1426053473,1
1426053773,0
1426054073,0
1426054373,0
1426054673,0
1426054973,0
1426055273,0
1426055573,0
1426055873,0
1426056173,0
1426056473,0
1426056773,0
1426057073,0
1426057373,0
1426057673,0
1426057973,0
1426058273,0
1426058573,0
1426058873,0
1426059173,0
1426059473,0
1426059773,0
1426060073,0
1426060373,0
1426060673,0
1426060973,0
1426061273,0
1426061573,0
1426061873,0
1426062173,1
1426062473,0
1426062773,0
1426063073,0
1426063373,1
1426063673,0
1426063973,0
1426064273,0
1426064573,1
1426064873,0
1426065173,2
1426065473,1
1426065773,0
1426066073,0
1426066373,0
1426066673,3
1426066973,1
1426067273,0
1426067573,2
1426067873,1
1426068173,0
1426068473,1
1426068773,0
1426069073,0
1426069373,2
1426069673,0
1426069973,0
1426070273,1
1426070573,2
1426070873,3
1426071173,2
1426071473,1
1426071773,1
1426072073,2
1426072373,4
1426072673,4
1426072973,0
1426073273,2
1426073573,0
1426073873,2
1426074173,1
1426074473,1
1426074773,2
1426075073,9
1426075373,4
1426075673,3
1426075973,2
1426076273,2
1426076573,4
1426076873,2
1426077173,4
1426077473,1
1426077773,0
1426078073,2
1426078373,2
1426078673,4
1426078973,2
1426079273,2
1426079573,2
1426079873,2
1426080173,1
1426080473,8
1426080773,3
1426081073,2
1426081373,3
1426081673,4
1426081973,1
1426082273,4
1426082573,7
1426082873,7
1426083173,4
1426083473,2
1426083773,4
1426084073,8
1426084373,2
1426084673,9
1426084973,3
1426085273,6
1426085573,4
1426085873,4
1426086173,5
1426086473,4
1426086773,5
1426087073,7
1426087373,5
1426087673,7
1426087973,11
1426088273,5
1426088573,5
1426088873,7
1426089173,2
1426089473,3
1426089773,12
1426090073,10
1426090373,6
1426090673,4
1426090973,4
1426091273,7
1426091573,1
1426091873,5
1426092173,4
1426092473,6
1426092773,10
1426093073,9
1426093373,8
1426093673,6
1426093973,2
1426094273,6
1426094573,3
1426094873,5
1426095173,5
1426095473,4
1426095773,3
1426096073,5
1426096373,2
1426096673,7
1426096973,3
1426097273,3
1426097573,7
1426097873,6
1426098173,4
1426098473,4
1426098773,6
1426099073,0
1426099373,2
1426099673,1
1426099973,2
1426100273,2
1426100573,2
1426100873,3
1426101173,4
1426101473,2
1426101773,2
1426102073,2
1426102373,0
1426102673,2
1426102973,2
1426103273,8
1426103573,1
1426103873,5
1426104173,4
1426104473,2
1426104773,3
1426105073,1
1426105373,4
1426105673,4
1426105973,0
1426106273,1
1426106573,4
1426106873,3
1426107173,6
1426107473,3
1426107773,4
1426108073,0
1426108373,7
1426108673,0
1426108973,5
1426109273,3
1426109573,3
1426109873,2
1426110173,3
1426110473,4
1426110773,2
1426111073,2
1426111373,4
1426111673,1
1426111973,5
1426112273,6
1426112573,2
1426112873,2
1426113173,1
1426113473,1
1426113773,2
1426114073,1
1426114373,3
1426114673,6
1426114973,2
1426115273,75
1426115573,179
1426115873,179
1426116173,172
1426116473,127
1426116773,84
1426117073,37
1426117373,12
1426117673,16
1426117973,8
1426118273,11
1426118573,13
1426118873,12
1426119173,17
1426119473,11
1426119773,3
1426120073,4
1426120373,5
1426120673,5
1426120973,2
1426121273,2
1426121573,4
1426121873,2
1426122173,0
1426122473,0
1426122773,2
1426123073,2
1426123373,3
1426123673,1
1426123973,4
1426124273,1
1426124573,1
1426124873,1
1426125173,1
1426125473,6
1426125773,0
1426126073,1
1426126373,1
1426126673,2
1426126973,2
1426127273,2
1426127573,1
1426127873,1
1426128173,0
1426128473,2
1426128773,3
1426129073,1
1426129373,0
1426129673,1
1426129973,0
1426130273,1
1426130573,1
1426130873,76
1426131173,93
1426131473,38
1426131773,29
1426132073,15
1426132373,19
1426132673,13
1426132973,13
1426133273,8
1426133573,8
1426133873,3
1426134173,4
1426134473,0
1426134773,0
1426135073,1
1426135373,6
1426135673,3
1426135973,4
1426136273,2
1426136573,1
1426136873,2
1426137173,5
1426137473,7
1426137773,4
1426138073,3
1426138373,3
1426138673,5
1426138973,1
1426139273,0
1426139573,5
1426139873,0
1426140173,1
1426140473,1
1426140773,1
1426141073,0
1426141373,1
1426141673,2
1426141973,2
1426142273,0
1426142573,2
1426142873,2
1426143173,0
1426143473,0
1426143773,1
1426144073,0
1426144373,3
1426144673,0
1426144973,0
1426145273,0
1426145573,1
1426145873,1
1426146173,2
1426146473,1
1426146773,1
1426147073,2
1426147373,0
1426147673,1
1426147973,3
1426148273,2
1426148573,0
1426148873,0
1426149173,0
1426149473,1
1426149773,0
1426150073,2
1426150373,0
1426150673,0
1426150973,3
1426151273,1
1426151573,0
1426151873,3
1426152173,7
1426152473,2
1426152773,0
1426153073,3
1426153373,0
1426153673,1
1426153973,1
1426154273,3
1426154573,6
1426154873,0
1426155173,1
1426155473,0
1426155773,2
1426156073,2
1426156373,1
1426156673,3
1426156973,2
1426157273,2
1426157573,1
1426157873,3
1426158173,0
1426158473,3
1426158773,91
1426159073,163
1426159373,161
1426159673,156
1426159973,126
1426160273,88
1426160573,44
1426160873,8
1426161173,8
1426161473,6
1426161773,6
1426162073,21
1426162373,13
1426162673,12
1426162973,7
1426163273,12
1426163573,8
1426163873,9
1426164173,9
1426164473,4
1426164773,7
1426165073,13
1426165373,13
1426165673,9
1426165973,9
1426166273,5
1426166573,7
1426166873,6
1426167173,5
1426167473,2
1426167773,2
1426168073,5
1426168373,2
1426168673,9
1426168973,3
1426169273,6
1426169573,8
1426169873,5
1426170173,6
1426170473,4
1426170773,0
1426171073,2
1426171373,1
1426171673,3
1426171973,9
1426172273,8
1426172573,8
1426172873,6
1426173173,2
1426173473,12
1426173773,3
1426174073,5
1426174373,10
1426174673,5
1426174973,4
1426175273,2
1426175573,4
1426175873,2
1426176173,2
1426176473,2
1426176773,6
1426177073,4
1426177373,4
1426177673,7
1426177973,2
1426178273,9
1426178573,4
1426178873,7
1426179173,5
1426179473,6
1426179773,6
1426180073,3
1426180373,2
1426180673,3
1426180973,8
1426181273,2
1426181573,3
1426181873,1
1426182173,5
1426182473,2
1426182773,7
1426183073,4
1426183373,2
1426183673,1
1426183973,1
1426184273,1
1426184573,1
1426184873,3
1426185173,5
1426185473,3
1426185773,4
1426186073,3
1426186373,6
1426186673,1
1426186973,6
1426187273,5
1426187573,7
1426187873,4
1426188173,1
1426188473,1
1426188773,3
1426189073,2
1426189373,2
1426189673,2
1426189973,4
1426190273,2
1426190573,2
1426190873,1
1426191173,1
1426191473,5
1426191773,6
1426192073,1
1426192373,3
1426192673,3
1426192973,2
1426193273,3
1426193573,1
1426193873,1
1426194173,2
1426194473,1
1426194773,2
1426195073,15
1426195373,7
1426195673,1
1426195973,2
1426196273,1
1426196573,2
1426196873,108
1426197173,109
1426197473,128
1426197773,116
1426198073,82
1426198373,54
1426198673,11
1426198973,8
1426199273,6
1426199573,8
1426199873,0
1426200173,1
1426200473,3
1426200773,5
1426201073,3
1426201373,1
1426201673,3
1426201973,5
1426202273,2
1426202573,0
1426202873,3
1426203173,1
1426203473,3
1426203773,8
1426204073,1
1426204373,3
1426204673,8
1426204973,2
1426205273,9
1426205573,1
1426205873,1
1426206173,2
1426206473,3
1426206773,2
1426207073,0
1426207373,2
1426207673,4
1426207973,0
1426208273,3
1426208573,1
1426208873,3
1426209173,2
1426209473,1
1426209773,1
1426210073,2
1426210373,0
1426210673,0
1426210973,1
1426211273,2
1426211573,0
1426211873,4
1426212173,3
1426212473,0
1426212773,3
1426213073,1
1426213373,5
1426213673,7
1426213973,2
1426214273,2
1426214573,2
1426214873,0
1426215173,1
1426215473,2
1426215773,0
1426216073,1
1426216373,1
1426216673,5
1426216973,2
1426217273,2
1426217573,12
1426217873,0
1426218173,1
1426218473,0
1426218773,1
1426219073,0
1426219373,0
1426219673,0
1426219973,0
1426220273,1
1426220573,0
1426220873,1
1426221173,0
1426221473,0
1426221773,0
1426222073,2
1426222373,0
1426222673,1
1426222973,1
1426223273,1
1426223573,0
1426223873,3
1426224173,0
1426224473,1
1426224773,0
1426225073,0
1426225373,1
1426225673,1
1426225973,0
1426226273,0
1426226573,0
1426226873,1
1426227173,0
1426227473,0
1426227773,0
1426228073,0
1426228373,1
1426228673,0
1426228973,1
1426229273,0
1426229573,1
1426229873,0
1426230173,0
1426230473,0
1426230773,1
1426231073,8
1426231373,125
1426231673,117
1426231973,109
1426232273,125
1426232573,62
1426232873,48
1426233173,6
1426233473,4
1426233773,5
1426234073,11
1426234373,3
1426234673,7
1426234973,7
1426235273,6
1426235573,3
1426235873,7
1426236173,1
1426236473,10
1426236773,6
1426237073,3
1426237373,5
1426237673,7
1426237973,87
1426238273,119
1426238573,127
1426238873,102
1426239173,94
1426239473,57
1426239773,21
1426240073,6
1426240373,6
1426240673,15
1426240973,6
1426241273,7
1426241573,5
1426241873,9
1426242173,1
1426242473,1
1426242773,0
1426243073,2
1426243373,1
1426243673,2
1426243973,1
1426244273,0
1426244573,0
1426244873,2
1426245173,2
1426245473,0
1426245773,2
1426246073,2
1426246373,1
1426246673,5
1426246973,2
1426247273,3
1426247573,1
1426247873,1
1426248173,3
1426248473,3
1426248773,3
1426249073,0
1426249373,4
1426249673,0
1426249973,1
1426250273,2
1426250573,2
1426250873,3
1426251173,0
1426251473,2
1426251773,3
1426252073,2
1426252373,0
1426252673,5
1426252973,3
1426253273,2
1426253573,2
1426253873,5
1426254173,5
1426254473,7
1426254773,10
1426255073,5
1426255373,3
1426255673,4
1426255973,32
1426256273,110
1426256573,147
1426256873,115
1426257173,106
1426257473,72
1426257773,30
1426258073,10
1426258373,13
1426258673,11
1426258973,10
1426259273,13
1426259573,9
1426259873,9
1426260173,11
1426260473,9
1426260773,12
1426261073,15
1426261373,8
1426261673,15
1426261973,7
1426262273,5
1426262573,5
1426262873,3
1426263173,10
1426263473,9
1426263773,6
1426264073,7
1426264373,5
1426264673,3
1426264973,6
1426265273,8
1426265573,5
1426265873,9
1426266173,3
1426266473,6
1426266773,3
1426267073,4
1426267373,10
1426267673,6
1426267973,3
1426268273,5
1426268573,10
1426268873,10
1426269173,6
1426269473,3
1426269773,3
1426270073,3
1426270373,3
1426270673,3
1426270973,1
1426271273,2
1426271573,5
1426271873,3
1426272173,2
1426272473,5
1426272773,6
1426273073,10
1426273373,5
1426273673,4
1426273973,3
1426274273,3
1426274573,3
1426274873,4
1426275173,1
1426275473,4
1426275773,4
1426276073,2
1426276373,6
1426276673,4
1426276973,1
1426277273,5
1426277573,4
1426277873,7
1426278173,2
1426278473,3
1426278773,7
1426279073,4
1426279373,1
1426279673,1
1426279973,1
1426280273,2
1426280573,2
1426280873,6
1426281173,3
1426281473,5
1426281773,2
1426282073,5
1426282373,5
1426282673,5
1426282973,4
1426283273,1
1426283573,1
1426283873,8
1426284173,4
1426284473,1
1426284773,1
1426285073,6
1426285373,2
1426285673,4
1426285973,3
1426286273,1
1426286573,2
1426286873,8
1426287173,2
1426287473,0
1426287773,1
1426288073,2
1426288373,3
1426288673,2
1426288973,2
1426289273,6
1426289573,3
1426289873,2
1426290173,4
1426290473,4
1426290773,1
1426291073,5
1426291373,6
1426291673,5
1426291973,3
1426292273,2
1426292573,130
1426292873,140
1426293173,148
1426293473,147
1426293773,111
1426294073,56
1426294373,11
1426294673,7
1426294973,5
1426295273,9
1426295573,8
1426295873,8
1426296173,14
1426296473,10
1426296773,14
1426297073,6
1426297373,10
1426297673,14
1426297973,2
1426298273,0
1426298573,2
1426298873,2
1426299173,3
1426299473,1
1426299773,2
1426300073,0
1426300373,5
1426300673,1
1426300973,2
1426301273,1
1426301573,0
1426301873,0
1426302173,0
1426302473,3
1426302773,1
1426303073,3
1426303373,0
1426303673,1
1426303973,1
1426304273,2
1426304573,0
1426304873,2
1426305173,3
1426305473,1
1426305773,3
1426306073,7
1426306373,7
1426306673,7
1426306973,6
1426307273,7
1426307573,7
1426307873,5
1426308173,1
1426308473,4
1426308773,4
1426309073,0
1426309373,3
1426309673,1
1426309973,1
1426310273,2
1426310573,5
1426310873,1
1426311173,1
1426311473,3
1426311773,2
1426312073,0
1426312373,2
1426312673,4
1426312973,4
1426313273,2
1426313573,0
1426313873,1
1426314173,1
1426314473,0
1426314773,2
1426315073,3
1426315373,1
1426315673,0
1426315973,1
1426316273,1
1426316573,1
1426316873,2
1426317173,1
1426317473,1
1426317773,0
1426318073,0
1426318373,0
1426318673,15
1426318973,35
1426319273,50
1426319573,30
1426319873,18
1426320173,94
1426320473,146
1426320773,152
1426321073,153
1426321373,119
1426321673,75
1426321973,18
1426322273,5
1426322573,8
1426322873,10
1426323173,6
1426323473,6
1426323773,8
1426324073,5
1426324373,3
1426324673,7
1426324973,7
1426325273,13
1426325573,5
1426325873,8
1426326173,3
1426326473,4
1426326773,0
1426327073,6
1426327373,10
1426327673,5
1426327973,4
1426328273,4
1426328573,2
1426328873,0
1426329173,0
1426329473,0
1426329773,0
1426330073,0
1426330373,0
1426330673,2
1426330973,0
1426331273,1
1426331573,0
1426331873,1
1426332173,0
1426332473,3
1426332773,1
1426333073,4
1426333373,9
1426333673,2
1426333973,5
1426334273,2
1426334573,3
1426334873,1
1426335173,5
1426335473,2
1426335773,0
1426336073,2
1426336373,2
1426336673,4
1426336973,2
1426337273,0
1426337573,2
1426337873,1
1426338173,4
1426338473,3
1426338773,3
1426339073,4
1426339373,3
1426339673,3
1426339973,4
1426340273,4
1426340573,2
1426340873,2
1426341173,4
1426341473,0
1426341773,1
1426342073,1
1426342373,1
1426342673,0
1426342973,4
1426343273,4
1426343573,2
1426343873,1
1426344173,4
1426344473,1
1426344773,0
1426345073,3
1426345373,0
1426345673,1
1426345973,0
1426346273,2
1426346573,2
1426346873,1
1426347173,0
1426347473,42
1426347773,151
1426348073,141
1426348373,152
1426348673,125
1426348973,98
1426349273,36
1426349573,10
1426349873,13
1426350173,3
1426350473,5
1426350773,9
1426351073,4
1426351373,6
1426351673,3
1426351973,9
1426352273,6
1426352573,2
1426352873,9
1426353173,10
1426353473,6
1426353773,7
1426354073,3
1426354373,6
1426354673,6
1426354973,9
1426355273,4
1426355573,7
1426355873,2
1426356173,3
1426356473,5
1426356773,6
1426357073,6
1426357373,2
1426357673,4
1426357973,2
1426358273,1
1426358573,1
1426358873,1
1426359173,2
1426359473,3
1426359773,2
1426360073,1
1426360373,2
1426360673,0
1426360973,2
1426361273,3
1426361573,0
1426361873,7
1426362173,143
1426362473,151
1426362773,160
1426363073,139
1426363373,98
1426363673,36
1426363973,2
1426364273,0
1426364573,2
1426364873,0
1426365173,1
1426365473,1
1426365773,2
1426366073,27
1426366373,11
1426366673,9
1426366973,3
1426367273,4
1426367573,2
1426367873,5
1426368173,3
1426368473,4
1426368773,1
1426369073,1
1426369373,2
1426369673,0
1426369973,0
1426370273,1
1426370573,2
1426370873,0
1426371173,0
1426371473,0
1426371773,1
1426372073,4
1426372373,0
1426372673,1
1426372973,1
1426373273,0
1426373573,3
1426373873,0
1426374173,2
1426374473,1
1426374773,0
1426375073,0
1426375373,1
1426375673,1
1426375973,3
1426376273,0
1426376573,2
1426376873,0
1426377173,0
1426377473,2
1426377773,0
1426378073,0
1426378373,0
1426378673,0
1426378973,0
1426379273,0
1426379573,0
1426379873,0
1426380173,0
1426380473,1
1426380773,1
1426381073,0
1426381373,0
1426381673,0
1426381973,0
1426382273,2
1426382573,0
1426382873,1
1426383173,0
1426383473,1
1426383773,2
1426384073,0
1426384373,1
1426384673,0
1426384973,0
1426385273,0
1426385573,0
1426385873,0
1426386173,1
1426386473,0
1426386773,1
1426387073,0
1426387373,0
1426387673,0
1426387973,0
1426388273,0
1426388573,0
1426388873,0
1426389173,0
1426389473,1
1426389773,0
1426390073,0
1426390373,2
1426390673,1
1426390973,3
1426391273,15
1426391573,14
1426391873,12
1426392173,7
1426392473,1
1426392773,1
1426393073,0
1426393373,0
1426393673,2
1426393973,2
1426394273,2
1426394573,1
1426394873,2
1426395173,3
1426395473,2
1426395773,1
1426396073,1
1426396373,1
1426396673,0
1426396973,0
1426397273,0
1426397573,0
1426397873,1
1426398173,0
1426398473,0
1426398773,0
1426399073,0
1426399373,0
1426399673,0
1426399973,0
1426400273,1
1426400573,0
1426400873,0
1426401173,0
1426401473,0
1426401773,0
1426402073,0
1426402373,0
1426402673,1
1426402973,1
1426403273,0
1426403573,0
1426403873,0
1426404173,0
1426404473,0
1426404773,0
1426405073,0
1426405373,0
1426405673,0
1426405973,0
1426406273,0
1426406573,2
1426406873,0
1426407173,0
1426407473,0
1426407773,0
1426408073,0
1426408373,0
1426408673,0
1426408973,0
1426409273,0
1426409573,1
1426409873,0
1426410173,0
1426410473,0
1426410773,0
1426411073,0
1426411373,0
1426411673,0
1426411973,0
1426412273,0
1426412573,0
1426412873,0
1426413173,0
1426413473,0
1426413773,0
1426414073,0
1426414373,0
1426414673,0
1426414973,0
1426415273,0
1426415573,0
1426415873,0
1426416173,0
1426416473,0
1426416773,0
1426417073,21
1426417373,12
1426417673,0
1426417973,0
1426418273,0
1426418573,0
1426418873,0
1426419173,0
1426419473,3
1426419773,1
1426420073,1
1426420373,1
1426420673,1
1426420973,1
1426421273,2
1426421573,0
1426421873,1
1426422173,1
1426422473,0
1426422773,0
1426423073,0
1426423373,1
1426423673,0
1426423973,0
1426424273,0
1426424573,0
1426424873,0
1426425173,0
1426425473,0
1426425773,1
1426426073,0
1426426373,0
1426426673,0
1426426973,0
1426427273,0
1426427573,0
1426427873,0
1426428173,0
1426428473,0
1426428773,3
1426429073,0
1426429373,0
1426429673,1
1426429973,0
1426430273,0
1426430573,0
1426430873,0
1426431173,1
1426431473,0
1426431773,0
1426432073,0
1426432373,0
1426432673,2
1426432973,1
1426433273,0
1426433573,0
1426433873,0
1426434173,1
1426434473,2
1426434773,0
1426435073,0
1426435373,0
1426435673,0
1426435973,0
1426436273,1
1426436573,0
1426436873,1
1426437173,0
1426437473,2
1426437773,0
1426438073,2
1426438373,2
1426438673,0
1426438973,1
1426439273,0
1426439573,0
1426439873,0
1426440173,0
1426440473,0
1426440773,1
1426441073,0
1426441373,0
1426441673,0
1426441973,0
1426442273,1
1426442573,0
1426442873,0
1426443173,0
1426443473,0
1426443773,0
1426444073,1
1426444373,0
1426444673,2
1426444973,0
1426445273,0
1426445573,0
1426445873,0
1426446173,3
1426446473,0
1426446773,0
1426447073,4
1426447373,1
1426447673,1
1426447973,0
1426448273,2
1426448573,0
1426448873,0
1426449173,0
1426449473,1
1426449773,1
1426450073,0
1426450373,1
1426450673,2
1426450973,1
1426451273,2
1426451573,0
1426451873,0
1426452173,2
1426452473,2
1426452773,0
1426453073,2
1426453373,0
1426453673,0
1426453973,0
1426454273,0
1426454573,0
1426454873,0
1426455173,1
1426455473,0
1426455773,2
1426456073,0
1426456373,2
1426456673,0
1426456973,0
1426457273,0
1426457573,0
1426457873,0
1426458173,0
1426458473,0
1426458773,1
1426459073,1
1426459373,1
1426459673,0
1426459973,0
1426460273,0
1426460573,0
1426460873,0
1426461173,3
1426461473,0
1426461773,1
1426462073,0
1426462373,0
1426462673,1
1426462973,0
1426463273,1
1426463573,1
1426463873,1
1426464173,1
1426464473,0
1426464773,2
1426465073,0
1426465373,0
1426465673,1
1426465973,0
1426466273,0
1426466573,0
1426466873,1
1426467173,9
1426467473,3
1426467773,3
1426468073,0
1426468373,0
1426468673,1
1426468973,0
1426469273,1
1426469573,2
1426469873,1
1426470173,0
1426470473,0
1426470773,4
1426471073,2
1426471373,0
1426471673,1
1426471973,0
1426472273,0
1426472573,0
1426472873,2
1426473173,0
1426473473,1
1426473773,3
1426474073,0
1426474373,1
1426474673,1
1426474973,1
1426475273,0
1426475573,0
1426475873,3
1426476173,0
1426476473,2
1426476773,0
1426477073,0
1426477373,0
1426477673,0
1426477973,1
1426478273,0
1426478573,0
1426478873,0
1426479173,0
1426479473,2
1426479773,0
1426480073,5
1426480373,1
1426480673,1
1426480973,4
1426481273,1
1426481573,0
1426481873,0
1426482173,1
1426482473,0
1426482773,0
1426483073,0
1426483373,0
1426483673,0
1426483973,0
1426484273,0
1426484573,0
1426484873,1
1426485173,4
1426485473,1
1426485773,0
1426486073,0
1426486373,0
1426486673,0
1426486973,1
1426487273,0
1426487573,2
1426487873,1
1426488173,0
1426488473,0
1426488773,0
1426489073,0
1426489373,0
1426489673,1
1426489973,0
1426490273,1
1426490573,0
1426490873,0
1426491173,3
1426491473,208
1426491773,178
1426492073,194
1426492373,179
1426492673,100
1426492973,35
1426493273,6
1426493573,1
1426493873,0
1426494173,0
1426494473,0
1426494773,1
1426495073,1
1426495373,4
1426495673,0
1426495973,0
1426496273,0
1426496573,0
1426496873,0
1426497173,0
1426497473,0
1426497773,0
1426498073,0
1426498373,0
1426498673,0
1426498973,0
1426499273,1
1426499573,0
1426499873,1
1426500173,0
1426500473,0
1426500773,0
1426501073,1
1426501373,2
1426501673,1
1426501973,0
1426502273,3
1426502573,0
1426502873,1
1426503173,0
1426503473,0
1426503773,2
1426504073,3
1426504373,1
1426504673,1
1426504973,0
1426505273,1
1426505573,1
1426505873,1
1426506173,1
1426506473,0
1426506773,1
1426507073,3
1426507373,0
1426507673,0
1426507973,2
1426508273,0
1426508573,0
1426508873,3
1426509173,2
1426509473,1
1426509773,3
1426510073,0
1426510373,3
1426510673,1
1426510973,2
1426511273,1
1426511573,2
1426511873,1
1426512173,2
1426512473,0
1426512773,2
1426513073,1
1426513373,0
1426513673,1
1426513973,2
1426514273,6
1426514573,0
1426514873,1
1426515173,0
1426515473,2
1426515773,2
1426516073,1
1426516373,1
1426516673,1
1426516973,2
1426517273,7
1426517573,0
1426517873,0
1426518173,1
1426518473,2
1426518773,2
1426519073,1
1426519373,2
1426519673,6
1426519973,1
1426520273,6
1426520573,2
1426520873,1
1426521173,2
1426521473,2
1426521773,4
1426522073,4
1426522373,1
1426522673,2
1426522973,1
1426523273,3
1426523573,3
1426523873,0
1426524173,3
1426524473,2
1426524773,0
1426525073,1
1426525373,2
1426525673,3
1426525973,1
1426526273,1
1426526573,4
1426526873,1
1426527173,3
1426527473,2
1426527773,2
1426528073,3
1426528373,3
1426528673,0
1426528973,4
1426529273,1
1426529573,1
1426529873,3
1426530173,1
1426530473,1
1426530773,2
1426531073,7
1426531373,3
1426531673,3
1426531973,1
1426532273,2
1426532573,1
1426532873,1
1426533173,3
1426533473,2
1426533773,8
1426534073,3
1426534373,2
1426534673,2
1426534973,3
1426535273,2
1426535573,4
1426535873,3
1426536173,1
1426536473,2
1426536773,2
1426537073,3
1426537373,1
1426537673,1
1426537973,4
1426538273,3
1426538573,2
1426538873,1
1426539173,2
1426539473,2
1426539773,1
1426540073,2
1426540373,2
1426540673,4
1426540973,2
1426541273,2
1426541573,0
1426541873,0
1426542173,0
1426542473,4
1426542773,3
1426543073,2
1426543373,7
1426543673,0
1426543973,1
1426544273,3
1426544573,2
1426544873,5
1426545173,4
1426545473,0
1426545773,1
1426546073,0
1426546373,1
1426546673,1
1426546973,5
1426547273,1
1426547573,3
1426547873,2
1426548173,4
1426548473,2
1426548773,1
1426549073,2
1426549373,0
1426549673,3
1426549973,0
1426550273,7
1426550573,0
1426550873,2
1426551173,1
1426551473,2
1426551773,4
1426552073,1
1426552373,0
1426552673,2
1426552973,1
1426553273,2
1426553573,0
1426553873,1
1426554173,2
1426554473,1
1426554773,1
1426555073,2
1426555373,0
1426555673,2
1426555973,0
1426556273,0
1426556573,1
1426556873,0
1426557173,0
1426557473,0
1426557773,0
1426558073,0
1426558373,0
1426558673,1
1426558973,1
1426559273,1
1426559573,1
1426559873,0
1426560173,0
1426560473,0
1426560773,1
1426561073,1
1426561373,1
1426561673,0
1426561973,1
1426562273,0
1426562573,0
1426562873,1
1426563173,1
1426563473,0
1426563773,0
1426564073,0
1426564373,0
1426564673,1
1426564973,1
1426565273,1
1426565573,2
1426565873,0
1426566173,1
1426566473,0
1426566773,1
1426567073,0
1426567373,0
1426567673,2
1426567973,1
1426568273,0
1426568573,1
1426568873,2
1426569173,1
1426569473,0
1426569773,0
1426570073,0
1426570373,0
1426570673,0
1426570973,0
1426571273,0
1426571573,0
1426571873,0
1426572173,0
1426572473,2
1426572773,2
1426573073,1
1426573373,3
1426573673,1
1426573973,1
1426574273,1
1426574573,1
1426574873,0
1426575173,0
1426575473,1
1426575773,4
1426576073,0
1426576373,0
1426576673,0
1426576973,0
1426577273,0
1426577573,2
1426577873,1
1426578173,0
1426578473,3
1426578773,0
1426579073,1
1426579373,0
1426579673,0
1426579973,1
1426580273,0
1426580573,0
1426580873,1
1426581173,0
1426581473,0
1426581773,2
1426582073,2
1426582373,1
1426582673,0
1426582973,2
1426583273,1
1426583573,1
1426583873,0
1426584173,0
1426584473,0
1426584773,0
1426585073,0
1426585373,3
1426585673,3
1426585973,0
1426586273,2
1426586573,1
1426586873,2
1426587173,1
1426587473,0
1426587773,0
1426588073,1
1426588373,0
1426588673,1
1426588973,0
1426589273,0
1426589573,1
1426589873,0
1426590173,0
1426590473,3
1426590773,2
1426591073,0
1426591373,1
1426591673,0
1426591973,0
1426592273,1
1426592573,0
1426592873,2
1426593173,1
1426593473,2
1426593773,3
1426594073,8
1426594373,2
1426594673,3
1426594973,3
1426595273,1
1426595573,5
1426595873,2
1426596173,5
1426596473,0
1426596773,0
1426597073,1
1426597373,1
1426597673,5
1426597973,3
1426598273,4
1426598573,1
1426598873,0
1426599173,4
1426599473,3
1426599773,0
1426600073,1
1426600373,4
1426600673,9
1426600973,11
1426601273,8
1426601573,4
1426601873,6
1426602173,1
1426602473,9
1426602773,4
1426603073,5
1426603373,4
1426603673,2
1426603973,0
1426604273,5
1426604573,6
1426604873,11
1426605173,6
1426605473,5
1426605773,5
1426606073,1
1426606373,3
1426606673,3
1426606973,1
1426607273,2
1426607573,1
1426607873,3
1426608173,5
1426608473,1
1426608773,1
1426609073,1
1426609373,3
1426609673,5
1426609973,3
1426610273,1
1426610573,3
1426610873,0
1426611173,2
1426611473,0
1426611773,2
1426612073,1
1426612373,2
1426612673,2
1426612973,4
1426613273,2
1426613573,3
1426613873,1
1426614173,3
1426614473,0
1426614773,6
1426615073,5
1426615373,0
1426615673,2
1426615973,6
1426616273,2
1426616573,1
1426616873,3
1426617173,3
1426617473,4
1426617773,3
1426618073,1
1426618373,7
1426618673,3
1426618973,5
1426619273,30
1426619573,4
1426619873,4
1426620173,2
1426620473,5
1426620773,2
1426621073,0
1426621373,1
1426621673,2
1426621973,6
1426622273,5
1426622573,3
1426622873,3
1426623173,5
1426623473,3
1426623773,2
1426624073,3
1426624373,5
1426624673,5
1426624973,2
1426625273,3
1426625573,1
1426625873,4
1426626173,3
1426626473,4
1426626773,5
1426627073,4
1426627373,9
1426627673,3
1426627973,4
1426628273,14
1426628573,3
1426628873,1
1426629173,3
1426629473,4
1426629773,5
1426630073,1
1426630373,0
1426630673,3
1426630973,3
1426631273,1
1426631573,0
1426631873,2
1426632173,1
1426632473,6
1426632773,1
1426633073,0
1426633373,0
1426633673,2
1426633973,2
1426634273,3
1426634573,3
1426634873,5
1426635173,2
1426635473,3
1426635773,4
1426636073,2
1426636373,3
1426636673,1
1426636973,2
1426637273,2
1426637573,1
1426637873,1
1426638173,3
1426638473,0
1426638773,1
1426639073,0
1426639373,2
1426639673,1
1426639973,2
1426640273,3
1426640573,4
1426640873,3
1426641173,1
1426641473,2
1426641773,2
1426642073,3
1426642373,4
1426642673,2
1426642973,69
1426643273,170
1426643573,183
1426643873,189
1426644173,164
1426644473,88
1426644773,23
1426645073,3
1426645373,0
1426645673,0
1426645973,1
1426646273,2
1426646573,0
1426646873,0
1426647173,1
1426647473,5
1426647773,0
1426648073,0
1426648373,1
1426648673,1
1426648973,0
1426649273,1
1426649573,0
1426649873,0
1426650173,0
1426650473,0
1426650773,0
1426651073,0
1426651373,0
1426651673,1
1426651973,0
1426652273,0
1426652573,1
1426652873,0
1426653173,0
1426653473,2
1426653773,0
1426654073,1
1426654373,0
1426654673,0
1426654973,0
1426655273,0
1426655573,0
1426655873,1
1426656173,0
1426656473,1
1426656773,0
1426657073,1
1426657373,0
1426657673,1
1426657973,1
1426658273,0
1426658573,2
1426658873,2
1426659173,0
1426659473,0
1426659773,0
1426660073,1
1426660373,1
1426660673,0
1426660973,1
1426661273,0
1426661573,0
1426661873,0
1426662173,0
1426662473,0
1426662773,0
1426663073,2
1426663373,1
1426663673,0
1426663973,0
1426664273,0
1426664573,0
1426664873,2
1426665173,1
1426665473,0
1426665773,1
1426666073,1
1426666373,0
1426666673,1
1426666973,1
1426667273,0
1426667573,0
1426667873,0
1426668173,2
1426668473,0
1426668773,0
1426669073,0
1426669373,0
1426669673,3
1426669973,1
1426670273,3
1426670573,0
1426670873,0
1426671173,0
1426671473,1
1426671773,0
1426672073,0
1426672373,3
1426672673,4
1426672973,1
1426673273,1
1426673573,4
1426673873,1
1426674173,0
1426674473,0
1426674773,1
1426675073,2
1426675373,2
1426675673,1
1426675973,1
1426676273,3
1426676573,3
1426676873,5
1426677173,7
1426677473,3
1426677773,0
1426678073,4
1426678373,2
1426678673,2
1426678973,2
1426679273,2
1426679573,1
1426679873,6
1426680173,0
1426680473,1
1426680773,3
1426681073,2
1426681373,3
1426681673,1
1426681973,2
1426682273,1
1426682573,2
1426682873,3
1426683173,2
1426683473,1
1426683773,1
1426684073,2
1426684373,3
1426684673,2
1426684973,6
1426685273,3
1426685573,4
1426685873,1
1426686173,2
1426686473,2
1426686773,3
1426687073,2
1426687373,6
1426687673,3
1426687973,1
1426688273,3
1426688573,4
1426688873,3
1426689173,4
1426689473,3
1426689773,4
1426690073,0
1426690373,1
1426690673,4
1426690973,3
1426691273,2
1426691573,3
1426691873,2
1426692173,4
1426692473,6
1426692773,3
1426693073,1
1426693373,6
1426693673,6
1426693973,5
1426694273,7
1426694573,10
1426694873,3
1426695173,5
1426695473,3
1426695773,3
1426696073,5
1426696373,4
1426696673,2
1426696973,1
1426697273,2
1426697573,1
1426697873,0
1426698173,2
1426698473,4
1426698773,2
1426699073,2
1426699373,4
1426699673,0
1426699973,0
1426700273,2
1426700573,2
1426700873,2
1426701173,3
1426701473,6
1426701773,1
1426702073,3
1426702373,2
1426702673,0
1426702973,0
1426703273,3
1426703573,3
1426703873,3
1426704173,3
1426704473,3
1426704773,3
1426705073,7
1426705373,1
1426705673,1
1426705973,1
1426706273,0
1426706573,2
1426706873,2
1426707173,1
1426707473,3
1426707773,1
1426708073,2
1426708373,1
1426708673,1
1426708973,5
1426709273,2
1426709573,2
1426709873,6
1426710173,4
1426710473,9
1426710773,4
1426711073,3
1426711373,7
1426711673,0
1426711973,2
1426712273,1
1426712573,2
1426712873,2
1426713173,3
1426713473,3
1426713773,4
1426714073,1
1426714373,4
1426714673,2
1426714973,3
1426715273,2
1426715573,3
1426715873,8
1426716173,7
1426716473,2
1426716773,2
1426717073,2
1426717373,0
1426717673,1
1426717973,3
1426718273,2
1426718573,2
1426718873,6
1426719173,1
1426719473,2
1426719773,1
1426720073,3
1426720373,2
1426720673,3
1426720973,1
1426721273,2
1426721573,0
1426721873,0
1426722173,1
1426722473,1
1426722773,0
1426723073,1
1426723373,3
1426723673,2
1426723973,1
1426724273,0
1426724573,0
1426724873,2
1426725173,2
1426725473,3
1426725773,1
1426726073,3
1426726373,5
1426726673,1
1426726973,2
1426727273,3
1426727573,1
1426727873,0
1426728173,0
1426728473,0
1426728773,4
1426729073,2
1426729373,1
1426729673,1
1426729973,1
1426730273,3
1426730573,1
1426730873,1
1426731173,2
1426731473,3
1426731773,0
1426732073,1
1426732373,2
1426732673,0
1426732973,0
1426733273,0
1426733573,0
1426733873,0
1426734173,0
1426734473,0
1426734773,0
1426735073,2
1426735373,0
1426735673,0
1426735973,0
1426736273,0
1426736573,1
1426736873,1
1426737173,0
1426737473,0
1426737773,0
1426738073,0
1426738373,1
1426738673,0
1426738973,0
1426739273,0
1426739573,0
1426739873,0
1426740173,1
1426740473,0
1426740773,0
1426741073,0
1426741373,1
1426741673,1
1426741973,0
1426742273,0
1426742573,2
1426742873,0
1426743173,1
1426743473,1
1426743773,0
1426744073,0
1426744373,1
1426744673,0
1426744973,0
1426745273,0
1426745573,0
1426745873,3
1426746173,1
1426746473,0
1426746773,0
1426747073,1
1426747373,1
1426747673,0
1426747973,1
1426748273,1
1426748573,1
1426748873,0
1426749173,0
1426749473,2
1426749773,0
1426750073,1
1426750373,0
1426750673,0
1426750973,0
1426751273,1
1426751573,0
1426751873,0
1426752173,1
1426752473,0
1426752773,0
1426753073,0
1426753373,0
1426753673,0
1426753973,1
1426754273,0
1426754573,0
1426754873,2
1426755173,0
1426755473,2
1426755773,0
1426756073,2
1426756373,5
1426756673,6
1426756973,5
1426757273,1
1426757573,3
1426757873,1
1426758173,4
1426758473,5
1426758773,11
1426759073,35
1426759373,9
1426759673,6
1426759973,13
1426760273,4
1426760573,9
1426760873,14
1426761173,13
1426761473,12
1426761773,3
1426762073,5
1426762373,2
1426762673,2
1426762973,2
1426763273,4
1426763573,7
1426763873,4
1426764173,4
1426764473,6
1426764773,10
1426765073,7
1426765373,3
1426765673,2
1426765973,2
1426766273,6
1426766573,2
1426766873,4
1426767173,8
1426767473,12
1426767773,4
1426768073,8
1426768373,8
1426768673,3
1426768973,3
1426769273,4
1426769573,3
1426769873,3
1426770173,3
1426770473,3
1426770773,4
1426771073,2
1426771373,1
1426771673,9
1426771973,4
1426772273,3
1426772573,3
1426772873,5
1426773173,3
1426773473,2
1426773773,6
1426774073,1
1426774373,0
1426774673,4
1426774973,4
1426775273,3
1426775573,3
1426775873,2
1426776173,6
1426776473,4
1426776773,3
1426777073,4
1426777373,4
1426777673,1
1426777973,4
1426778273,4
1426778573,4
1426778873,9
1426779173,1
1426779473,5
1426779773,3
1426780073,7
1426780373,1
1426780673,3
1426780973,1
1426781273,1
1426781573,1
1426781873,2
1426782173,2
1426782473,0
1426782773,2
1426783073,7
1426783373,3
1426783673,2
1426783973,3
1426784273,3
1426784573,1
1426784873,2
1426785173,0
1426785473,1
1426785773,1
1426786073,2
1426786373,1
1426786673,2
1426786973,4
1426787273,5
1426787573,3
1426787873,1
1426788173,3
1426788473,3
1426788773,0
1426789073,1
1426789373,3
1426789673,2
1426789973,1
1426790273,5
1426790573,0
1426790873,1
1426791173,2
1426791473,5
1426791773,0
1426792073,2
1426792373,0
1426792673,2
1426792973,0
1426793273,0
1426793573,4
1426793873,1
1426794173,5
1426794473,6
1426794773,7
1426795073,5
1426795373,5
1426795673,1
1426795973,2
1426796273,4
1426796573,1
1426796873,6
1426797173,5
1426797473,6
1426797773,3
1426798073,10
1426798373,7
1426798673,5
1426798973,2
1426799273,3
1426799573,1
1426799873,2
1426800173,3
1426800473,7
1426800773,15
1426801073,20
1426801373,7
1426801673,15
1426801973,6
1426802273,7
1426802573,7
1426802873,5
1426803173,8
1426803473,10
1426803773,8
1426804073,8
1426804373,3
1426804673,3
1426804973,5
1426805273,9
1426805573,3
1426805873,3
1426806173,4
1426806473,6
1426806773,3
1426807073,5
1426807373,6
1426807673,6
1426807973,2
1426808273,3
1426808573,2
1426808873,1
1426809173,3
1426809473,2
1426809773,1
1426810073,1
1426810373,2
1426810673,2
1426810973,3
1426811273,2
1426811573,2
1426811873,3
1426812173,4
1426812473,2
1426812773,0
1426813073,3
1426813373,2
1426813673,2
1426813973,0
1426814273,2
1426814573,0
1426814873,0
1426815173,3
1426815473,9
1426815773,4
1426816073,2
1426816373,4
1426816673,2
1426816973,7
1426817273,1
1426817573,1
1426817873,2
1426818173,1
1426818473,0
1426818773,3
1426819073,1
1426819373,1
1426819673,2
1426819973,2
1426820273,2
1426820573,1
1426820873,1
1426821173,0
1426821473,3
1426821773,2
1426822073,8
1426822373,0
1426822673,2
1426822973,2
1426823273,1
1426823573,1
1426823873,0
1426824173,1
1426824473,0
1426824773,1
1426825073,0
1426825373,3
1426825673,0
1426825973,1
1426826273,1
1426826573,1
1426826873,1
1426827173,3
1426827473,1
1426827773,1
1426828073,2
1426828373,0
1426828673,0
1426828973,0
1426829273,1
1426829573,0
1426829873,1
1426830173,0
1426830473,2
1426830773,0
1426831073,0
1426831373,0
1426831673,0
1426831973,0
1426832273,2
1426832573,0
1426832873,0
1426833173,1
1426833473,2
1426833773,1
1426834073,0
1426834373,0
1426834673,0
1426834973,1
1426835273,0
1426835573,0
1426835873,1
1426836173,0
1426836473,1
1426836773,2
1426837073,2
1426837373,0
1426837673,2
1426837973,2
1426838273,2
1426838573,1
1426838873,1
1426839173,1
1426839473,0
1426839773,1
1426840073,0
1426840373,0
1426840673,2
1426840973,3
1426841273,1
1426841573,2
1426841873,3
1426842173,0
1426842473,1
1426842773,0
1426843073,1
1426843373,1
1426843673,1
1426843973,0
1426844273,2
1426844573,3
1426844873,0
1426845173,0
1426845473,5
1426845773,1
1426846073,4
1426846373,0
1426846673,2
1426846973,2
1426847273,1
1426847573,0
1426847873,1
1426848173,0
1426848473,1
1426848773,0
1426849073,1
1426849373,6
1426849673,4
1426849973,1
1426850273,1
1426850573,0
1426850873,2
1426851173,4
1426851473,3
1426851773,2
1426852073,3
1426852373,0
1426852673,5
1426852973,1
1426853273,0
1426853573,2
1426853873,4
1426854173,8
1426854473,6
1426854773,12
1426855073,12
1426855373,6
1426855673,2
1426855973,5
1426856273,2
1426856573,5
1426856873,4
1426857173,5
1426857473,4
1426857773,3
1426858073,1
1426858373,1
1426858673,6
1426858973,4
1426859273,2
1426859573,3
1426859873,3
1426860173,3
1426860473,2
1426860773,4
1426861073,8
1426861373,6
1426861673,4
1426861973,4
1426862273,6
1426862573,7
1426862873,6
1426863173,3
1426863473,3
1426863773,3
1426864073,5
1426864373,11
1426864673,10
1426864973,10
1426865273,8
1426865573,11
1426865873,4
1426866173,3
1426866473,3
1426866773,3
1426867073,7
1426867373,6
1426867673,2
1426867973,115
1426868273,4
1426868573,2
1426868873,4
1426869173,2
1426869473,4
1426869773,3
1426870073,2
1426870373,2
1426870673,10
1426870973,1
1426871273,4
1426871573,6
1426871873,2
1426872173,3
1426872473,1
1426872773,3
1426873073,4
1426873373,0
1426873673,2
1426873973,2
1426874273,2
1426874573,2
1426874873,6
1426875173,0
1426875473,4
1426875773,5
1426876073,0
1426876373,2
1426876673,4
1426876973,2
1426877273,1
1426877573,2
1426877873,2
1426878173,5
1426878473,2
1426878773,5
1426879073,8
1426879373,3
1426879673,6
1426879973,4
1426880273,4
1426880573,0
1426880873,2
1426881173,3
1426881473,3
1426881773,4
1426882073,2
1426882373,4
1426882673,3
1426882973,2
1426883273,5
1426883573,1
1426883873,6
1426884173,7
1426884473,2
1426884773,11
1426885073,6
1426885373,5
1426885673,5
1426885973,6
1426886273,5
1426886573,3
1426886873,2
1426887173,2
1426887473,4
1426887773,4
1426888073,1
1426888373,1
1426888673,2
1426888973,2
1426889273,0
1426889573,1
1426889873,3
1426890173,3
1426890473,4
1426890773,3
1426891073,5
1426891373,6
1426891673,3
1426891973,6
1426892273,1
1426892573,2
1426892873,4
1426893173,4
1426893473,1
1426893773,3
1426894073,2
1426894373,2
1426894673,3
1426894973,3
1426895273,2
1426895573,1
1426895873,1
1426896173,3
1426896473,3
1426896773,1
1426897073,2
1426897373,2
1426897673,6
1426897973,1
1426898273,1
1426898573,4
1426898873,6
1426899173,3
1426899473,2
1426899773,1
1426900073,2
1426900373,4
1426900673,5
1426900973,6
1426901273,8
1426901573,6
1426901873,3
1426902173,7
1426902473,2
1426902773,5
1426903073,5
1426903373,5
1426903673,5
1426903973,3
1426904273,2
1426904573,3
1426904873,0
1426905173,0
1426905473,0
1426905773,2
1426906073,0
1426906373,3
1426906673,0
1426906973,1
1426907273,1
1426907573,4
1426907873,2
1426908173,2
1426908473,5
1426908773,4
1426909073,6
1426909373,4
1426909673,2
1426909973,3
1426910273,0
1426910573,0
1426910873,0
1426911173,0
1426911473,0
1426911773,1
1426912073,0
1426912373,1
1426912673,0
1426912973,0
1426913273,0
1426913573,0
1426913873,0
1426914173,0
1426914473,0
1426914773,0
1426915073,2
1426915373,3
1426915673,0
1426915973,0
1426916273,0
1426916573,0
1426916873,0
1426917173,2
1426917473,0
1426917773,0
1426918073,2
1426918373,0
1426918673,0
1426918973,0
1426919273,0
1426919573,1
1426919873,0
1426920173,0
1426920473,0
1426920773,1
1426921073,0
1426921373,0
1426921673,1
1426921973,0
1426922273,0
1426922573,0
1426922873,10
1426923173,6
1426923473,0
1426923773,0
1426924073,0
1426924373,0
1426924673,0
1426924973,1
1426925273,0
1426925573,0
1426925873,0
1426926173,0
1426926473,1
1426926773,1
1426927073,0
1426927373,2
1426927673,1
1426927973,1
1426928273,0
1426928573,0
1426928873,1
1426929173,0
1426929473,0
1426929773,0
1426930073,0
1426930373,1
1426930673,0
1426930973,0
1426931273,0
1426931573,2
1426931873,0
1426932173,1
1426932473,0
1426932773,0
1426933073,0
1426933373,0
1426933673,0
1426933973,0
1426934273,1
1426934573,0
1426934873,0
1426935173,1
1426935473,0
1426935773,0
1426936073,0
1426936373,0
1426936673,1
1426936973,0
1426937273,1
1426937573,1
1426937873,0
1426938173,0
1426938473,1
1426938773,1
1426939073,1
1426939373,2
1426939673,2
1426939973,0
1426940273,0
1426940573,0
1426940873,1
1426941173,2
1426941473,1
1426941773,1
1426942073,3
1426942373,2
1426942673,4
1426942973,5
1426943273,3
1426943573,0
1426943873,0
1426944173,0
1426944473,0
1426944773,1
1426945073,0
1426945373,2
1426945673,1
1426945973,0
1426946273,3
1426946573,1
1426946873,1
1426947173,0
1426947473,2
1426947773,0
1426948073,0
1426948373,3
1426948673,2
1426948973,1
1426949273,1
1426949573,3
1426949873,1
1426950173,2
1426950473,0
1426950773,0
1426951073,0
1426951373,4
1426951673,1
1426951973,0
1426952273,1
1426952573,1
1426952873,0
1426953173,0
1426953473,1
1426953773,0
1426954073,3
1426954373,1
1426954673,3
1426954973,2
1426955273,0
1426955573,0
1426955873,3
1426956173,0
1426956473,0
1426956773,2
1426957073,1
1426957373,1
1426957673,3
1426957973,0
1426958273,0
1426958573,2
1426958873,0
1426959173,1
1426959473,0
1426959773,3
1426960073,5
1426960373,3
1426960673,0
1426960973,0
1426961273,2
1426961573,0
1426961873,2
1426962173,1
1426962473,0
1426962773,1
1426963073,4
1426963373,1
1426963673,1
1426963973,0
1426964273,1
1426964573,0
1426964873,1
1426965173,0
1426965473,3
1426965773,0
1426966073,0
1426966373,1
1426966673,1
1426966973,0
1426967273,0
1426967573,1
1426967873,1
1426968173,0
1426968473,0
1426968773,3
1426969073,0
1426969373,0
1426969673,0
1426969973,1
1426970273,1
1426970573,0
1426970873,1
1426971173,2
1426971473,1
1426971773,0
1426972073,1
1426972373,2
1426972673,1
1426972973,0
1426973273,2
1426973573,0
1426973873,1
1426974173,0
1426974473,0
1426974773,0
1426975073,0
1426975373,1
1426975673,0
1426975973,2
1426976273,1
1426976573,0
1426976873,0
1426977173,1
1426977473,0
1426977773,2
1426978073,0
1426978373,3
1426978673,0
1426978973,0
1426979273,0
1426979573,0
1426979873,0
1426980173,0
1426980473,0
1426980773,0
1426981073,1
1426981373,0
1426981673,1
1426981973,1
1426982273,1
1426982573,1
1426982873,2
1426983173,2
1426983473,0
1426983773,1
1426984073,0
1426984373,0
1426984673,0
1426984973,1
1426985273,0
1426985573,0
1426985873,1
1426986173,0
1426986473,0
1426986773,1
1426987073,1
1426987373,0
1426987673,0
1426987973,0
1426988273,1
1426988573,0
1426988873,1
1426989173,0
1426989473,0
1426989773,3
1426990073,1
1426990373,2
1426990673,2
1426990973,0
1426991273,1
1426991573,0
1426991873,1
1426992173,4
1426992473,0
1426992773,2
1426993073,0
1426993373,0
1426993673,1
1426993973,2
1426994273,1
1426994573,0
1426994873,0
1426995173,1
1426995473,0
1426995773,0
1426996073,0
1426996373,0
1426996673,0
1426996973,0
1426997273,1
1426997573,2
1426997873,0
1426998173,1
1426998473,0
1426998773,0
1426999073,0
1426999373,0
1426999673,0
1426999973,1
1427000273,1
1427000573,0
1427000873,0
1427001173,0
1427001473,0
1427001773,0
1427002073,0
1427002373,0
1427002673,0
1427002973,0
1427003273,0
1427003573,0
1427003873,0
1427004173,0
1427004473,0
1427004773,0
1427005073,0
1427005373,0
1427005673,0
1427005973,0
1427006273,0
1427006573,0
1427006873,0
1427007173,1
1427007473,0
1427007773,0
1427008073,0
1427008373,0
1427008673,0
1427008973,0
1427009273,0
1427009573,0
1427009873,0
1427010173,0
1427010473,0
1427010773,0
1427011073,1
1427011373,0
1427011673,0
1427011973,0
1427012273,0
1427012573,0
1427012873,0
1427013173,0
1427013473,0
1427013773,0
1427014073,0
1427014373,0
1427014673,0
1427014973,0
1427015273,0
1427015573,0
1427015873,0
1427016173,0
1427016473,0
1427016773,0
1427017073,0
1427017373,0
1427017673,0
1427017973,0
1427018273,0
1427018573,0
1427018873,0
1427019173,0
1427019473,1
1427019773,0
1427020073,0
1427020373,1
1427020673,0
1427020973,2
1427021273,0
1427021573,0
1427021873,1
1427022173,2
1427022473,1
1427022773,1
1427023073,1
1427023373,2
1427023673,4
1427023973,2
1427024273,1
1427024573,2
1427024873,0
1427025173,2
1427025473,2
1427025773,0
1427026073,1
1427026373,1
1427026673,1
1427026973,2
1427027273,4
1427027573,2
1427027873,1
1427028173,0
1427028473,0
1427028773,0
1427029073,2
1427029373,2
1427029673,1
1427029973,1
1427030273,1
1427030573,3
1427030873,1
1427031173,2
1427031473,2
1427031773,0
1427032073,1
1427032373,1
1427032673,0
1427032973,1
1427033273,0
1427033573,2
1427033873,0
1427034173,0
1427034473,1
1427034773,0
1427035073,3
1427035373,0
1427035673,0
1427035973,1
1427036273,3
1427036573,1
1427036873,0
1427037173,0
1427037473,0
1427037773,0
1427038073,1
1427038373,1
1427038673,0
1427038973,1
1427039273,2
1427039573,1
1427039873,0
1427040173,2
1427040473,0
1427040773,0
1427041073,2
1427041373,1
1427041673,0
1427041973,1
1427042273,0
1427042573,3
1427042873,1
1427043173,0
1427043473,0
1427043773,0
1427044073,0
1427044373,0
1427044673,0
1427044973,1
1427045273,1
1427045573,0
1427045873,0
1427046173,2
1427046473,0
1427046773,0
1427047073,1
1427047373,1
1427047673,0
1427047973,0
1427048273,1
1427048573,0
1427048873,0
1427049173,0
1427049473,0
1427049773,0
1427050073,1
1427050373,1
1427050673,16
1427050973,5
1427051273,9
1427051573,2
1427051873,9
1427052173,5
1427052473,2
1427052773,5
1427053073,4
1427053373,1
1427053673,0
1427053973,0
1427054273,3
1427054573,0
1427054873,1
1427055173,0
1427055473,2
1427055773,0
1427056073,1
1427056373,0
1427056673,0
1427056973,2
1427057273,1
1427057573,4
1427057873,2
1427058173,0
1427058473,0
1427058773,0
1427059073,0
1427059373,1
1427059673,1
1427059973,1
1427060273,1
1427060573,0
1427060873,0
1427061173,2
1427061473,0
1427061773,0
1427062073,0
1427062373,0
1427062673,3
1427062973,2
1427063273,0
1427063573,0
1427063873,1
1427064173,2
1427064473,0
1427064773,1
1427065073,0
1427065373,1
1427065673,0
1427065973,0
1427066273,3
1427066573,0
1427066873,0
1427067173,1
1427067473,0
1427067773,0
1427068073,0
1427068373,0
1427068673,1
1427068973,0
1427069273,2
1427069573,0
1427069873,2
1427070173,1
1427070473,2
1427070773,1
1427071073,0
1427071373,0
1427071673,0
1427071973,1
1427072273,0
1427072573,0
1427072873,1
1427073173,0
1427073473,0
1427073773,1
1427074073,1
1427074373,0
1427074673,0
1427074973,0
1427075273,0
1427075573,1
1427075873,0
1427076173,1
1427076473,0
1427076773,1
1427077073,0
1427077373,0
1427077673,1
1427077973,0
1427078273,1
1427078573,0
1427078873,0
1427079173,0
1427079473,0
1427079773,0
1427080073,0
1427080373,0
1427080673,1
1427080973,0
1427081273,0
1427081573,0
1427081873,0
1427082173,0
1427082473,0
1427082773,1
1427083073,0
1427083373,1
1427083673,0
1427083973,2
1427084273,0
1427084573,0
1427084873,4
1427085173,0
1427085473,0
1427085773,0
1427086073,0
1427086373,0
1427086673,1
1427086973,0
1427087273,1
1427087573,0
1427087873,1
1427088173,0
1427088473,0
1427088773,0
1427089073,0
1427089373,0
1427089673,0
1427089973,0
1427090273,0
1427090573,0
1427090873,0
1427091173,3
1427091473,0
1427091773,1
1427092073,0
1427092373,0
1427092673,1
1427092973,0
1427093273,1
1427093573,0
1427093873,1
1427094173,0
1427094473,0
1427094773,0
1427095073,1
1427095373,0
1427095673,0
1427095973,0
1427096273,0
1427096573,0
1427096873,0
1427097173,0
1427097473,0
1427097773,0
1427098073,0
1427098373,0
1427098673,0
1427098973,0
1427099273,1
1427099573,0
1427099873,1
1427100173,0
1427100473,0
1427100773,1
1427101073,2
1427101373,2
1427101673,2
1427101973,2
1427102273,1
1427102573,2
1427102873,3
1427103173,1
1427103473,1
1427103773,0
1427104073,1
1427104373,0
1427104673,3
1427104973,0
1427105273,1
1427105573,0
1427105873,1
1427106173,1
1427106473,0
1427106773,2
1427107073,0
1427107373,0
1427107673,0
1427107973,0
1427108273,0
1427108573,6
1427108873,0
1427109173,0
1427109473,3
1427109773,1
1427110073,2
1427110373,1
1427110673,0
1427110973,0
1427111273,2
1427111573,0
1427111873,2
1427112173,1
1427112473,2
1427112773,0
1427113073,0
1427113373,0
1427113673,1
1427113973,0
1427114273,4
1427114573,0
1427114873,0
1427115173,2
1427115473,1
1427115773,1
1427116073,4
1427116373,4
1427116673,1
1427116973,2
1427117273,1
1427117573,2
1427117873,2
1427118173,2
1427118473,1
1427118773,1
1427119073,4
1427119373,2
1427119673,2
1427119973,7
1427120273,0
1427120573,2
1427120873,0
1427121173,1
1427121473,2
1427121773,6
1427122073,4
1427122373,1
1427122673,4
1427122973,1
1427123273,3
1427123573,1
1427123873,0
1427124173,4
1427124473,8
1427124773,4
1427125073,1
1427125373,1
1427125673,0
1427125973,2
1427126273,3
1427126573,2
1427126873,0
1427127173,5
1427127473,1
1427127773,2
1427128073,0
1427128373,2
1427128673,1
1427128973,2
1427129273,2
1427129573,2
1427129873,0
1427130173,0
1427130473,0
1427130773,7
1427131073,5
1427131373,3
1427131673,0
1427131973,1
1427132273,1
1427132573,0
1427132873,2
1427133173,2
1427133473,2
1427133773,1
1427134073,2
1427134373,2
1427134673,4
1427134973,2
1427135273,3
1427135573,1
1427135873,0
1427136173,1
1427136473,5
1427136773,0
1427137073,1
1427137373,1
1427137673,1
1427137973,1
1427138273,1
1427138573,3
1427138873,3
1427139173,4
1427139473,4
1427139773,1
1427140073,3
1427140373,3
1427140673,4
1427140973,2
1427141273,3
1427141573,2
1427141873,1
1427142173,4
1427142473,1
1427142773,4
1427143073,4
1427143373,1
1427143673,0
1427143973,1
1427144273,2
1427144573,2
1427144873,1
1427145173,0
1427145473,1
1427145773,1
1427146073,2
1427146373,1
1427146673,3
1427146973,0
1427147273,6
1427147573,2
1427147873,3
1427148173,2
1427148473,7
1427148773,2
1427149073,1
1427149373,4
1427149673,0
1427149973,1
1427150273,0
1427150573,0
1427150873,3
1427151173,2
1427151473,3
1427151773,3
1427152073,6
1427152373,3
1427152673,4
1427152973,4
1427153273,1
1427153573,4
1427153873,1
1427154173,3
1427154473,0
1427154773,1
1427155073,1
1427155373,1
1427155673,6
1427155973,2
1427156273,1
1427156573,1
1427156873,2
1427157173,2
1427157473,2
1427157773,1
1427158073,0
1427158373,1
1427158673,1
1427158973,2
1427159273,1
1427159573,1
1427159873,1
1427160173,0
1427160473,1
1427160773,0
1427161073,0
1427161373,3
1427161673,2
1427161973,0
1427162273,1
1427162573,0
1427162873,2
1427163173,2
1427163473,0
1427163773,0
1427164073,2
1427164373,0
1427164673,0
1427164973,0
1427165273,2
1427165573,1
1427165873,2
1427166173,1
1427166473,1
1427166773,0
1427167073,1
1427167373,0
1427167673,3
1427167973,0
1427168273,1
1427168573,0
1427168873,0
1427169173,0
1427169473,0
1427169773,0
1427170073,0
1427170373,1
1427170673,0
1427170973,0
1427171273,0
1427171573,0
1427171873,0
1427172173,0
1427172473,1
1427172773,1
1427173073,0
1427173373,1
1427173673,0
1427173973,0
1427174273,2
1427174573,1
1427174873,0
1427175173,0
1427175473,0
1427175773,0
1427176073,0
1427176373,0
1427176673,1
1427176973,0
1427177273,0
1427177573,1
1427177873,0
1427178173,0
1427178473,0
1427178773,1
1427179073,0
1427179373,0
1427179673,0
1427179973,1
1427180273,3
1427180573,0
1427180873,0
1427181173,0
1427181473,1
1427181773,0
1427182073,0
1427182373,0
1427182673,0
1427182973,1
1427183273,1
1427183573,0
1427183873,1
1427184173,0
1427184473,0
1427184773,2
1427185073,0
1427185373,0
1427185673,0
1427185973,0
1427186273,0
1427186573,0
1427186873,0
1427187173,2
1427187473,2
1427187773,0
1427188073,0
1427188373,0
1427188673,2
1427188973,1
1427189273,2
1427189573,0
1427189873,0
1427190173,0
1427190473,1
1427190773,1
1427191073,0
1427191373,1
1427191673,0
1427191973,2
1427192273,0
1427192573,4
1427192873,2
1427193173,1
1427193473,2
1427193773,4
1427194073,2
1427194373,1
1427194673,2
1427194973,0
1427195273,0
1427195573,0
1427195873,3
1427196173,0
1427196473,1
1427196773,1
1427197073,1
1427197373,1
1427197673,2
1427197973,1
1427198273,5
1427198573,0
1427198873,1
1427199173,1
1427199473,0
1427199773,0
1427200073,0
1427200373,2
1427200673,6
1427200973,2
1427201273,9
1427201573,3
1427201873,2
1427202173,1
1427202473,2
1427202773,2
1427203073,2
1427203373,2
1427203673,2
1427203973,0
1427204273,5
1427204573,2
1427204873,4
1427205173,4
1427205473,1
1427205773,4
1427206073,6
1427206373,6
1427206673,2
1427206973,0
1427207273,3
1427207573,6
1427207873,2
1427208173,6
1427208473,1
1427208773,1
1427209073,3
1427209373,1
1427209673,5
1427209973,1
1427210273,2
1427210573,5
1427210873,4
1427211173,3
1427211473,3
1427211773,1
1427212073,1
1427212373,2
1427212673,0
1427212973,1
1427213273,1
1427213573,3
1427213873,1
1427214173,2
1427214473,7
1427214773,12
1427215073,25
1427215373,17
1427215673,27
1427215973,13
1427216273,26
1427216573,56
1427216873,35
1427217173,58
1427217473,225
1427217773,199
1427218073,208
1427218373,188
1427218673,23
1427218973,8
1427219273,5
1427219573,7
1427219873,5
1427220173,3
1427220473,2
1427220773,3
1427221073,6
1427221373,5
1427221673,3
1427221973,2
1427222273,2
1427222573,0
1427222873,2
1427223173,2
1427223473,0
1427223773,1
1427224073,5
1427224373,4
1427224673,2
1427224973,4
1427225273,2
1427225573,1
1427225873,1
1427226173,0
1427226473,0
1427226773,0
1427227073,0
1427227373,1
1427227673,2
1427227973,0
1427228273,2
1427228573,1
1427228873,2
1427229173,0
1427229473,3
1427229773,2
1427230073,0
1427230373,2
1427230673,6
1427230973,0
1427231273,6
1427231573,4
1427231873,2
1427232173,2
1427232473,8
1427232773,3
1427233073,3
1427233373,2
1427233673,3
1427233973,2
1427234273,2
1427234573,1
1427234873,1
1427235173,4
1427235473,11
1427235773,1
1427236073,0
1427236373,1
1427236673,6
1427236973,6
1427237273,1
1427237573,2
1427237873,1
1427238173,4
1427238473,1
1427238773,0
1427239073,0
1427239373,0
1427239673,3
1427239973,1
1427240273,116
1427240573,200
1427240873,173
1427241173,231
1427241473,155
1427241773,80
1427242073,27
1427242373,4
1427242673,2
1427242973,0
1427243273,4
1427243573,1
1427243873,5
1427244173,3
1427244473,2
1427244773,2
1427245073,0
1427245373,1
1427245673,1
1427245973,3
1427246273,3
1427246573,0
1427246873,1
1427247173,0
1427247473,0
1427247773,1
1427248073,2
1427248373,1
1427248673,4
1427248973,3
1427249273,0
1427249573,0
1427249873,0
1427250173,0
1427250473,0
1427250773,0
1427251073,1
1427251373,2
1427251673,0
1427251973,1
1427252273,2
1427252573,1
1427252873,3
1427253173,2
1427253473,3
1427253773,2
1427254073,1
1427254373,1
1427254673,1
1427254973,1
1427255273,0
1427255573,1
1427255873,1
1427256173,1
1427256473,2
1427256773,0
1427257073,1
1427257373,0
1427257673,0
1427257973,0
1427258273,0
1427258573,1
1427258873,0
1427259173,1
1427259473,0
1427259773,0
1427260073,4
1427260373,0
1427260673,4
1427260973,0
1427261273,2
1427261573,0
1427261873,1
1427262173,0
1427262473,0
1427262773,0
1427263073,2
1427263373,1
1427263673,0
1427263973,0
1427264273,1
1427264573,0
1427264873,2
1427265173,1
1427265473,0
1427265773,0
1427266073,0
1427266373,0
1427266673,0
1427266973,1
1427267273,0
1427267573,0
1427267873,1
1427268173,0
1427268473,1
1427268773,0
1427269073,0
1427269373,0
1427269673,0
1427269973,2
1427270273,0
1427270573,0
1427270873,0
1427271173,3
1427271473,1
1427271773,2
1427272073,0
1427272373,1
1427272673,0
1427272973,0
1427273273,1
1427273573,0
1427273873,0
1427274173,0
1427274473,2
1427274773,0
1427275073,1
1427275373,1
1427275673,1
1427275973,0
1427276273,2
1427276573,2
1427276873,0
1427277173,0
1427277473,3
1427277773,2
1427278073,4
1427278373,2
1427278673,1
1427278973,2
1427279273,3
1427279573,4
1427279873,4
1427280173,3
1427280473,2
1427280773,1
1427281073,4
1427281373,6
1427281673,2
1427281973,5
1427282273,1
1427282573,2
1427282873,3
1427283173,1
1427283473,0
1427283773,4
1427284073,1
1427284373,2
1427284673,1
1427284973,2
1427285273,0
1427285573,3
1427285873,3
1427286173,1
1427286473,2
1427286773,2
1427287073,1
1427287373,6
1427287673,1
1427287973,3
1427288273,2
1427288573,1
1427288873,3
1427289173,0
1427289473,6
1427289773,4
1427290073,1
1427290373,2
1427290673,3
1427290973,2
1427291273,6
1427291573,3
1427291873,7
1427292173,1
1427292473,6
1427292773,7
1427293073,2
1427293373,4
1427293673,4
1427293973,5
1427294273,2
1427294573,5
1427294873,0
1427295173,1
1427295473,3
1427295773,4
1427296073,2
1427296373,3
1427296673,2
1427296973,4
1427297273,2
1427297573,3
1427297873,1
1427298173,6
1427298473,8
1427298773,5
1427299073,4
1427299373,2
1427299673,2
1427299973,7
1427300273,6
1427300573,4
1427300873,1
1427301173,6
1427301473,3
1427301773,5
1427302073,9
1427302373,10
1427302673,10
1427302973,11
1427303273,4
1427303573,3
1427303873,6
1427304173,11
1427304473,5
1427304773,1
1427305073,3
1427305373,3
1427305673,2
1427305973,6
1427306273,2
1427306573,4
1427306873,2
1427307173,3
1427307473,3
1427307773,4
1427308073,2
1427308373,7
1427308673,7
1427308973,4
1427309273,9
1427309573,10
1427309873,8
1427310173,4
1427310473,9
1427310773,3
1427311073,3
1427311373,3
1427311673,6
1427311973,2
1427312273,3
1427312573,2
1427312873,3
1427313173,2
1427313473,10
1427313773,2
1427314073,0
1427314373,3
1427314673,5
1427314973,5
1427315273,8
1427315573,9
1427315873,5
1427316173,2
1427316473,3
1427316773,5
1427317073,4
1427317373,1
1427317673,0
1427317973,1
1427318273,4
1427318573,0
1427318873,6
1427319173,3
1427319473,4
1427319773,6
1427320073,5
1427320373,6
1427320673,6
1427320973,2
1427321273,5
1427321573,2
1427321873,9
1427322173,5
1427322473,3
1427322773,1
1427323073,4
1427323373,1
1427323673,1
1427323973,4
1427324273,0
1427324573,2
1427324873,12
1427325173,22
1427325473,20
1427325773,19
1427326073,31
1427326373,7
1427326673,2
1427326973,2
1427327273,0
1427327573,6
1427327873,3
1427328173,0
1427328473,2
1427328773,4
1427329073,3
1427329373,0
1427329673,5
1427329973,1
1427330273,3
1427330573,7
1427330873,7
1427331173,4
1427331473,2
1427331773,1
1427332073,2
1427332373,2
1427332673,3
1427332973,0
1427333273,3
1427333573,1
1427333873,0
1427334173,0
1427334473,0
1427334773,1
1427335073,0
1427335373,0
1427335673,0
1427335973,1
1427336273,3
1427336573,2
1427336873,7
1427337173,6
1427337473,2
1427337773,3
1427338073,8
1427338373,10
1427338673,7
1427338973,2
1427339273,3
1427339573,4
1427339873,0
1427340173,4
1427340473,0
1427340773,4
1427341073,1
1427341373,1
1427341673,2
1427341973,1
1427342273,2
1427342573,1
1427342873,0
1427343173,0
1427343473,0
1427343773,0
1427344073,0
1427344373,2
1427344673,0
1427344973,0
1427345273,0
1427345573,0
1427345873,0
1427346173,1
1427346473,0
1427346773,0
1427347073,1
1427347373,0
1427347673,1
1427347973,2
1427348273,0
1427348573,0
1427348873,2
1427349173,0
1427349473,0
1427349773,0
1427350073,0
1427350373,0
1427350673,0
1427350973,0
1427351273,0
1427351573,0
1427351873,0
1427352173,0
1427352473,0
1427352773,0
1427353073,0
1427353373,0
1427353673,0
1427353973,0
1427354273,0
1427354573,0
1427354873,0
1427355173,0
1427355473,0
1427355773,2
1427356073,0
1427356373,0
1427356673,0
1427356973,1
1427357273,2
1427357573,214
1427357873,202
1427358173,175
1427358473,188
1427358773,125
1427359073,44
1427359373,15
1427359673,4
1427359973,0
1427360273,1
1427360573,2
1427360873,1
1427361173,0
1427361473,0
1427361773,0
1427362073,1
1427362373,0
1427362673,1
1427362973,0
1427363273,1
1427363573,1
1427363873,1
1427364173,2
1427364473,0
1427364773,0
1427365073,0
1427365373,1
1427365673,0
1427365973,0
1427366273,0
1427366573,0
1427366873,0
1427367173,4
1427367473,2
1427367773,2
1427368073,2
1427368373,0
1427368673,2
1427368973,0
1427369273,2
1427369573,0
1427369873,1
1427370173,0
1427370473,0
1427370773,3
1427371073,2
1427371373,0
1427371673,2
1427371973,1
1427372273,1
1427372573,1
1427372873,1
1427373173,6
1427373473,3
1427373773,2
1427374073,0
1427374373,2
1427374673,5
1427374973,5
1427375273,1
1427375573,3
1427375873,0
1427376173,2
1427376473,2
1427376773,1
1427377073,2
1427377373,1
1427377673,2
1427377973,4
1427378273,1
1427378573,6
1427378873,2
1427379173,3
1427379473,5
1427379773,4
1427380073,7
1427380373,12
1427380673,6
1427380973,4
1427381273,1
1427381573,4
1427381873,2
1427382173,4
1427382473,2
1427382773,7
1427383073,3
1427383373,2
1427383673,4
1427383973,2
1427384273,9
1427384573,4
1427384873,2
1427385173,5
1427385473,2
1427385773,5
1427386073,2
1427386373,6
1427386673,1
1427386973,1
1427387273,3
1427387573,2
1427387873,2
1427388173,1
1427388473,3
1427388773,7
1427389073,2
1427389373,1
1427389673,2
1427389973,4
1427390273,2
1427390573,1
1427390873,5
1427391173,2
1427391473,0
1427391773,2
1427392073,4
1427392373,3
1427392673,2
1427392973,4
1427393273,3
1427393573,3
1427393873,6
1427394173,3
1427394473,2
1427394773,3
1427395073,5
1427395373,5
1427395673,7
1427395973,4
1427396273,3
1427396573,2
1427396873,1
1427397173,5
1427397473,3
1427397773,3
1427398073,6
1427398373,5
1427398673,10
1427398973,188
1427399273,190
1427399573,167
1427399873,6
1427400173,4
1427400473,5
1427400773,7
1427401073,3
1427401373,2
1427401673,1
1427401973,4
1427402273,3
1427402573,7
1427402873,3
1427403173,0
1427403473,4
1427403773,2
1427404073,2
1427404373,4
1427404673,7
1427404973,1
1427405273,4
1427405573,2
1427405873,1
1427406173,5
1427406473,4
1427406773,2
1427407073,3
1427407373,5
1427407673,15
1427407973,11
1427408273,2
1427408573,4
1427408873,3
1427409173,3
1427409473,3
1427409773,6
1427410073,3
1427410373,2
1427410673,5
1427410973,5
1427411273,2
1427411573,3
1427411873,1
1427412173,4
1427412473,1
1427412773,8
1427413073,6
1427413373,3
1427413673,5
1427413973,6
1427414273,6
1427414573,5
1427414873,4
1427415173,6
1427415473,1
1427415773,4
1427416073,1
1427416373,2
1427416673,1
1427416973,2
1427417273,2
1427417573,2
1427417873,1
1427418173,2
1427418473,2
1427418773,0
1427419073,0
1427419373,1
1427419673,1
1427419973,0
1427420273,0
1427420573,2
1427420873,6
1427421173,3
1427421473,3
1427421773,3
1427422073,4
1427422373,0
1427422673,4
1427422973,2
1427423273,2
1427423573,0
1427423873,0
1427424173,2
1427424473,0
1427424773,1
1427425073,0
1427425373,0
1427425673,0
1427425973,1
1427426273,3
1427426573,0
1427426873,4
1427427173,2
1427427473,1
1427427773,2
1427428073,0
1427428373,2
1427428673,0
1427428973,0
1427429273,4
1427429573,3
1427429873,3
1427430173,0
1427430473,1
1427430773,1
1427431073,0
1427431373,0
1427431673,1
1427431973,0
1427432273,1
1427432573,1
1427432873,0
1427433173,0
1427433473,1
1427433773,1
1427434073,0
1427434373,0
1427434673,2
1427434973,2
1427435273,0
1427435573,0
1427435873,0
1427436173,2
1427436473,0
1427436773,0
1427437073,1
1427437373,1
1427437673,0
1427437973,0
1427438273,1
1427438573,0
1427438873,0
1427439173,0
1427439473,0
1427439773,0
1427440073,0
1427440373,0
1427440673,0
1427440973,0
1427441273,1
1427441573,0
1427441873,0
1427442173,1
1427442473,1
1427442773,1
1427443073,2
1427443373,0
1427443673,0
1427443973,0
1427444273,0
1427444573,0
1427444873,0
1427445173,0
1427445473,0
1427445773,0
1427446073,0
1427446373,0
1427446673,2
1427446973,2
1427447273,1
1427447573,2
1427447873,0
1427448173,0
1427448473,1
1427448773,2
1427449073,0
1427449373,0
1427449673,0
1427449973,0
1427450273,0
1427450573,0
1427450873,0
1427451173,2
1427451473,0
1427451773,0
1427452073,0
1427452373,1
1427452673,1
1427452973,1
1427453273,3
1427453573,1
1427453873,2
1427454173,0
1427454473,2
1427454773,1
1427455073,2
1427455373,2
1427455673,0
1427455973,7
1427456273,3
1427456573,3
1427456873,2
1427457173,3
1427457473,3
1427457773,1
1427458073,2
1427458373,5
1427458673,6
1427458973,2
1427459273,2
1427459573,2
1427459873,1
1427460173,1
1427460473,2
1427460773,3
1427461073,1
1427461373,1
1427461673,0
1427461973,7
1427462273,5
1427462573,8
1427462873,7
1427463173,6
1427463473,0
1427463773,4
1427464073,1
1427464373,1
1427464673,2
1427464973,2
1427465273,4
1427465573,3
1427465873,6
1427466173,6
1427466473,2
1427466773,3
1427467073,3
1427467373,3
1427467673,2
1427467973,3
1427468273,3
1427468573,3
1427468873,2
1427469173,3
1427469473,3
1427469773,3
1427470073,2
1427470373,3
1427470673,5
1427470973,3
1427471273,1
1427471573,3
1427471873,1
1427472173,0
1427472473,2
1427472773,3
1427473073,5
1427473373,1
1427473673,0
1427473973,6
1427474273,4
1427474573,4
1427474873,3
1427475173,6
1427475473,4
1427475773,2
1427476073,3
1427476373,4
1427476673,3
1427476973,10
1427477273,2
1427477573,4
1427477873,3
1427478173,10
1427478473,1
1427478773,4
1427479073,5
1427479373,1
1427479673,2
1427479973,0
1427480273,3
1427480573,3
1427480873,3
1427481173,3
1427481473,1
1427481773,1
1427482073,4
1427482373,1
1427482673,5
1427482973,0
1427483273,2
1427483573,8
1427483873,2
1427484173,3
1427484473,1
1427484773,9
1427485073,4
1427485373,4
1427485673,5
1427485973,4
1427486273,2
1427486573,6
1427486873,5
1427487173,6
1427487473,6
1427487773,3
1427488073,9
1427488373,4
1427488673,3
1427488973,4
1427489273,4
1427489573,3
1427489873,6
1427490173,6
1427490473,5
1427490773,4
1427491073,2
1427491373,5
1427491673,5
1427491973,5
1427492273,6
1427492573,0
1427492873,3
1427493173,4
1427493473,2
1427493773,5
1427494073,3
1427494373,4
1427494673,2
1427494973,3
1427495273,1
1427495573,5
1427495873,1
1427496173,6
1427496473,0
1427496773,3
1427497073,4
1427497373,1
1427497673,1
1427497973,1
1427498273,4
1427498573,5
1427498873,3
1427499173,2
1427499473,3
1427499773,3
1427500073,3
1427500373,1
1427500673,7
1427500973,2
1427501273,5
1427501573,1
1427501873,3
1427502173,4
1427502473,2
1427502773,4
1427503073,3
1427503373,0
1427503673,4
1427503973,4
1427504273,5
1427504573,3
1427504873,3
1427505173,2
1427505473,3
1427505773,3
1427506073,2
1427506373,5
1427506673,2
1427506973,2
1427507273,2
1427507573,2
1427507873,4
1427508173,3
1427508473,2
1427508773,2
1427509073,2
1427509373,1
1427509673,1
1427509973,3
1427510273,2
1427510573,2
1427510873,0
1427511173,4
1427511473,4
1427511773,4
1427512073,1
1427512373,1
1427512673,1
1427512973,3
1427513273,3
1427513573,0
1427513873,2
1427514173,0
1427514473,2
1427514773,2
1427515073,2
1427515373,0
1427515673,0
1427515973,5
1427516273,0
1427516573,0
1427516873,4
1427517173,2
1427517473,0
1427517773,0
1427518073,0
1427518373,0
1427518673,0
1427518973,0
1427519273,0
1427519573,0
1427519873,0
1427520173,2
1427520473,0
1427520773,1
1427521073,2
1427521373,1
1427521673,1
1427521973,1
1427522273,0
1427522573,2
1427522873,1
1427523173,3
1427523473,3
1427523773,6
1427524073,0
1427524373,2
1427524673,5
1427524973,6
1427525273,6
1427525573,3
1427525873,1
1427526173,1
1427526473,0
1427526773,1
1427527073,2
1427527373,2
1427527673,9
1427527973,2
1427528273,1
1427528573,4
1427528873,4
1427529173,2
1427529473,7
1427529773,3
1427530073,1
1427530373,4
1427530673,3
1427530973,5
1427531273,4
1427531573,5
1427531873,1
1427532173,5
1427532473,6
1427532773,2
1427533073,4
1427533373,4
1427533673,4
1427533973,5
1427534273,3
1427534573,2
1427534873,5
1427535173,2
1427535473,4
1427535773,2
1427536073,3
1427536373,4
1427536673,5
1427536973,2
1427537273,7
1427537573,2
1427537873,3
1427538173,2
1427538473,4
1427538773,2
1427539073,4
1427539373,1
1427539673,0
1427539973,1
1427540273,3
1427540573,1
1427540873,1
1427541173,1
1427541473,5
1427541773,3
1427542073,3
1427542373,2
1427542673,4
1427542973,1
1427543273,2
1427543573,2
1427543873,1
1427544173,3
1427544473,0
1427544773,3
1427545073,1
1427545373,2
1427545673,4
1427545973,2
1427546273,1
1427546573,3
1427546873,0
1427547173,2
1427547473,5
1427547773,1
1427548073,1
1427548373,0
1427548673,3
1427548973,2
1427549273,2
1427549573,2
1427549873,0
1427550173,6
1427550473,4
1427550773,4
1427551073,1
1427551373,4
1427551673,2
1427551973,3
1427552273,2
1427552573,8
1427552873,2
1427553173,1
1427553473,1
1427553773,4
1427554073,3
1427554373,4
1427554673,2
1427554973,3
1427555273,0
1427555573,3
1427555873,2
1427556173,5
1427556473,2
1427556773,1
1427557073,1
1427557373,2
1427557673,1
1427557973,0
1427558273,3
1427558573,3
1427558873,1
1427559173,2
1427559473,2
1427559773,3
1427560073,1
1427560373,3
1427560673,1
1427560973,3
1427561273,3
1427561573,0
1427561873,1
1427562173,1
1427562473,1
1427562773,0
1427563073,0
1427563373,2
1427563673,4
1427563973,1
1427564273,0
1427564573,0
1427564873,1
1427565173,1
1427565473,1
1427565773,1
1427566073,2
1427566373,0
1427566673,0
1427566973,2
1427567273,0
1427567573,0
1427567873,0
1427568173,3
1427568473,2
1427568773,1
1427569073,0
1427569373,0
1427569673,0
1427569973,1
1427570273,0
1427570573,1
1427570873,3
1427571173,0
1427571473,1
1427571773,1
1427572073,3
1427572373,0
1427572673,1
1427572973,0
1427573273,2
1427573573,1
1427573873,1
1427574173,2
1427574473,0
1427574773,1
1427575073,4
1427575373,5
1427575673,1
1427575973,2
1427576273,2
1427576573,2
1427576873,0
1427577173,2
1427577473,0
1427577773,1
1427578073,3
1427578373,0
1427578673,1
1427578973,0
1427579273,0
1427579573,2
1427579873,2
1427580173,2
1427580473,0
1427580773,4
1427581073,4
1427581373,2
1427581673,0
1427581973,1
1427582273,0
1427582573,2
1427582873,0
1427583173,0
1427583473,1
1427583773,0
1427584073,2
1427584373,2
1427584673,1
1427584973,0
1427585273,0
1427585573,0
1427585873,0
1427586173,0
1427586473,2
1427586773,0
1427587073,1
1427587373,0
1427587673,1
1427587973,0
1427588273,0
1427588573,1
1427588873,0
1427589173,0
1427589473,0
1427589773,0
1427590073,1
1427590373,0
1427590673,0
1427590973,0
1427591273,0
1427591573,0
1427591873,1
1427592173,0
1427592473,1
1427592773,0
1427593073,0
1427593373,0
1427593673,0
1427593973,0
1427594273,1
1427590973,0
1427591273,0
1427591573,1
1427591873,1
1427592173,2
1427592473,0
1427592773,0
1427593073,1
1427593373,0
1427593673,0
1427593973,0
1427594273,0
1427594573,0
1427594873,0
1427595173,0
1427595473,1
1427595773,0
1427596073,0
1427596373,0
1427596673,0
1427596973,0
1427597273,0
1427597573,2
1427597873,1
1427598173,0
1427598473,2
1427598773,0
1427599073,0
1427599373,0
1427599673,1
1427599973,0
1427600273,0
1427600573,0
1427600873,0
1427601173,0
1427601473,0
1427601773,0
1427602073,1
1427602373,0
1427602673,1
1427602973,0
1427603273,1
1427603573,0
1427603873,1
1427604173,0
1427604473,0
1427604773,0
1427605073,0
1427605373,0
1427605673,0
1427605973,0
1427606273,0
1427606573,0
1427606873,0
1427607173,0
1427607473,1
1427607773,0
1427608073,0
1427608373,0
1427608673,0
1427608973,0
1427609273,3
1427609573,1
1427609873,1
1427610173,1
1427610473,0
1427610773,0
1427611073,0
1427611373,0
1427611673,0
1427611973,1
1427612273,1
1427612573,0
1427612873,0
1427613173,1
1427613473,0
1427613773,0
1427614073,0
1427614373,0
1427614673,1
1427614973,0
1427615273,2
1427615573,0
1427615873,3
1427616173,1
1427616473,0
1427616773,0
1427617073,180
1427617373,200
1427617673,199
1427617973,171
1427618273,145
1427618573,57
1427618873,17
1427619173,0
1427619473,0
1427619773,0
1427620073,1
1427620373,0
1427620673,0
1427620973,0
1427621273,0
1427621573,0
1427621873,0
1427622173,0
1427622473,0
1427622773,1
1427623073,0
1427623373,1
1427623673,0
1427623973,0
1427624273,0
1427624573,0
1427624873,0
1427625173,1
1427625473,1
1427625773,0
1427626073,0
1427626373,1
1427626673,1
1427626973,1
1427627273,1
1427627573,0
1427627873,2
1427628173,1
1427628473,0
1427628773,1
1427629073,0
1427629373,0
1427629673,1
1427629973,0
1427630273,1
1427630573,0
1427630873,0
1427631173,0
1427631473,3
1427631773,2
1427632073,3
1427632373,2
1427632673,1
1427632973,0
1427633273,0
1427633573,2
1427633873,0
1427634173,1
1427634473,5
1427634773,2
1427635073,1
1427635373,4
1427635673,9
1427635973,4
1427636273,13
1427636573,8
1427636873,7
1427637173,15
1427637473,14
1427637773,5
1427638073,14
1427638373,16
1427638673,13
1427638973,8
1427639273,24
1427639573,10
1427639873,18
1427640173,10
1427640473,20
1427640773,10
1427641073,20
1427641373,22
1427641673,20
1427641973,8
1427642273,20
1427642573,15
1427642873,15
1427643173,12
1427643473,13
1427643773,12
1427644073,16
1427644373,14
1427644673,18
1427644973,19
1427645273,16
1427645573,14
1427645873,13
1427646173,10
1427646473,19
1427646773,10
1427647073,12
1427647373,9
1427647673,10
1427647973,27
1427648273,23
1427648573,16
1427648873,21
1427649173,11
1427649473,14
1427649773,18
1427650073,12
1427650373,18
1427650673,20
1427650973,13
1427651273,12
1427651573,12
1427651873,16
1427652173,17
1427652473,7
1427652773,17
1427653073,8
1427653373,10
1427653673,11
1427653973,14
1427654273,10
1427654573,11
1427654873,7
1427655173,4
1427655473,3
1427655773,5
1427656073,7
1427656373,4
1427656673,14
1427656973,6
1427657273,5
1427657573,2
1427657873,8
1427658173,5
1427658473,5
1427658773,8
1427659073,10
1427659373,12
1427659673,5
1427659973,3
1427660273,5
1427660573,5
1427660873,5
1427661173,7
1427661473,4
1427661773,4
1427662073,6
1427662373,2
1427662673,4
1427662973,4
1427663273,7
1427663573,8
1427663873,8
1427664173,8
1427664473,13
1427664773,19
1427665073,12
1427665373,9
1427665673,10
1427665973,2
1427666273,3
1427666573,5
1427666873,12
1427667173,5
1427667473,7
1427667773,4
1427668073,10
1427668373,20
1427668673,9
1427668973,8
1427669273,7
1427669573,9
1427669873,11
1427670173,5
1427670473,8
1427670773,12
1427671073,7
1427671373,13
1427671673,13
1427671973,8
1427672273,10
1427672573,8
1427672873,7
1427673173,7
1427673473,14
1427673773,8
1427674073,7
1427674373,8
1427674673,10
1427674973,9
1427675273,6
1427675573,5
1427675873,12
1427676173,13
1427676473,12
1427676773,8
1427677073,4
1427677373,12
1427677673,9
1427677973,4
1427678273,11
1427678573,15
1427678873,14
1427679173,7
1427679473,14
1427679773,11
1427680073,7
1427680373,11
1427680673,10
1427680973,10
1427681273,7
1427681573,6
1427681873,8
1427682173,8
1427682473,9
1427682773,11
1427683073,7
1427683373,10
1427683673,7
1427683973,6
1427684273,6
1427684573,8
1427684873,8
1427685173,2
1427685473,2
1427685773,1
1427686073,0
1427686373,2
1427686673,1
1427686973,1
1427687273,1
1427687573,2
1427687873,2
1427688173,0
1427688473,0
1427688773,0
1427689073,1
1427689373,0
1427689673,0
1427689973,2
1427690273,1
1427690573,1
1427690873,2
1427691173,1
1427691473,0
1427691773,0
1427692073,0
1427692373,2
1427692673,1
1427692973,0
1427693273,0
1427693573,0
1427693873,1
1427694173,2
1427694473,0
1427694773,0
1427695073,0
1427695373,0
1427695673,0
1427695973,2
1427696273,0
1427696573,0
1427696873,0
1427697173,0
1427697473,0
1427697773,1
1427698073,0
1427698373,0
1427698673,0
1427698973,0
1427699273,0
1427699573,2
1427699873,0
1427700173,0
1427700473,0
1427700773,0
1427701073,1
1427701373,0
1427701673,0
1427701973,0
1427702273,1
1427702573,1
1427702873,1
1427703173,0
1427703473,1
1427703773,1
1427704073,0
1427704373,0
1427704673,1
1427704973,1
1427705273,1
1427705573,0
1427705873,1
1427706173,0
1427706473,0
1427706773,0
1427707073,0
1427707373,1
1427707673,0
1427707973,1
1427708273,1
1427708573,3
1427708873,1
1427709173,1
1427709473,1
1427709773,0
1427710073,1
1427710373,2
1427710673,2
1427710973,2
1427711273,1
1427711573,2
1427711873,1
1427712173,2
1427712473,1
1427712773,3
1427713073,1
1427713373,3
1427713673,3
1427713973,4
1427714273,1
1427714573,2
1427714873,4
1427715173,0
1427715473,0
1427715773,4
1427716073,1
1427716373,1
1427716673,7
1427716973,1
1427717273,2
1427717573,0
1427717873,3
1427718173,0
1427718473,2
1427718773,3
1427719073,3
1427719373,7
1427719673,3
1427719973,1
1427720273,3
1427720573,1
1427720873,0
1427721173,2
1427721473,1
1427721773,3
1427722073,1
1427722373,0
1427722673,3
1427722973,4
1427723273,2
1427723573,2
1427723873,1
1427724173,3
1427724473,3
1427724773,2
1427725073,0
1427725373,4
1427725673,6
1427725973,3
1427726273,0
1427726573,0
1427726873,1
1427727173,0
1427727473,1
1427727773,2
1427728073,1
1427728373,1
1427728673,1
1427728973,3
1427729273,2
1427729573,9
1427729873,0
1427730173,3
1427730473,4
1427730773,2
1427731073,0
1427731373,3
1427731673,7
1427731973,1
1427732273,1
1427732573,1
1427732873,2
1427733173,2
1427733473,1
1427733773,1
1427734073,4
1427734373,3
1427734673,5
1427734973,2
1427735273,3
1427735573,7
1427735873,3
1427736173,3
1427736473,5
1427736773,3
1427737073,3
1427737373,8
1427737673,1
1427737973,2
1427738273,5
1427738573,1
1427738873,1
1427739173,1
1427739473,1
1427739773,1
1427740073,1
1427740373,6
1427740673,1
1427740973,2
1427741273,4
1427741573,0
1427741873,1
1427742173,1
1427742473,1
1427742773,4
1427743073,5
1427743373,2
1427743673,4
1427743973,7
1427744273,3
1427744573,4
1427744873,4
1427745173,4
1427745473,2
1427745773,2
1427746073,3
1427746373,2
1427746673,0
1427746973,3
1427747273,4
1427747573,4
1427747873,2
1427748173,2
1427748473,2
1427748773,5
1427749073,1
1427749373,4
1427749673,1
1427749973,1
1427750273,3
1427750573,3
1427750873,5
1427751173,5
1427751473,4
1427751773,5
1427752073,1
1427752373,8
1427752673,2
1427752973,2
1427753273,6
1427753573,2
1427753873,3
1427754173,0
1427754473,4
1427754773,3
1427755073,2
1427755373,4
1427755673,1
1427755973,2
1427756273,1
1427756573,2
1427756873,3
1427757173,3
1427757473,2
1427757773,4
1427758073,1
1427758373,1
1427758673,1
1427758973,0
1427759273,1
1427759573,2
1427759873,2
1427760173,2
1427760473,3
1427760773,2
1427761073,0
1427761373,0
1427761673,2
1427761973,5
1427762273,1
1427762573,0
1427762873,1
1427763173,0
1427763473,9
1427763773,2
1427764073,16
1427764373,1
1427764673,0
1427764973,0
1427765273,1
1427765573,1
1427765873,0
1427766173,1
1427766473,0
1427766773,0
1427767073,3
1427767373,0
1427767673,2
1427767973,1
1427768273,3
1427768573,2
1427768873,0
1427769173,2
1427769473,3
1427769773,1
1427770073,1
1427770373,0
1427770673,0
1427770973,1
1427771273,1
1427771573,0
1427771873,0
1427772173,0
1427772473,0
1427772773,0
1427773073,1
1427773373,0
1427773673,2
1427773973,2
1427774273,1
1427774573,1
1427774873,0
1427775173,0
1427775473,0
1427775773,1
1427776073,14
1427776373,1
1427776673,1
1427776973,0
1427777273,0
1427777573,0
1427777873,1
1427778173,3
1427778473,0
1427778773,0
1427779073,1
1427779373,2
1427779673,3
1427779973,0
1427780273,1
1427780573,0
1427780873,0
1427781173,1
1427781473,0
1427781773,1
1427782073,1
1427782373,3
1427782673,2
1427782973,5
1427783273,1
1427783573,1
1427783873,0
1427784173,1
1427784473,0
1427784773,1
1427785073,1
1427785373,3
1427785673,2
1427785973,0
1427786273,1
1427786573,1
1427786873,3
1427787173,3
1427787473,1
1427787773,1
1427788073,2
1427788373,2
1427788673,0
1427788973,2
1427789273,0
1427789573,0
1427789873,0
1427790173,1
1427790473,1
1427790773,0
1427791073,0
1427791373,1
1427791673,2
1427791973,0
1427792273,0
1427792573,0
1427792873,1
1427793173,1
1427793473,0
1427793773,1
1427794073,1
1427794373,4
1427794673,3
1427794973,0
1427795273,2
1427795573,1
1427795873,2
1427796173,4
1427796473,3
1427796773,2
1427797073,0
1427797373,0
1427797673,0
1427797973,1
1427798273,4
1427798573,1
1427798873,2
1427799173,0
1427799473,1
1427799773,3
1427800073,1
1427800373,0
1427800673,0
1427800973,1
1427801273,5
1427801573,2
1427801873,3
1427802173,3
1427802473,11
1427802773,3
1427803073,8
1427803373,9
1427803673,6
1427803973,3
1427804273,2
1427804573,3
1427804873,1
1427805173,1
1427805473,2
1427805773,1
1427806073,2
1427806373,1
1427806673,1
1427806973,2
1427807273,3
1427807573,2
1427807873,3
1427808173,2
1427808473,3
1427808773,4
1427809073,8
1427809373,4
1427809673,6
1427809973,2
1427810273,2
1427810573,4
1427810873,3
1427811173,2
1427811473,5
1427811773,3
1427812073,1
1427812373,5
1427812673,4
1427812973,3
1427813273,0
1427813573,3
1427813873,1
1427814173,0
1427814473,2
1427814773,1
1427815073,4
1427815373,3
1427815673,6
1427815973,4
1427816273,3
1427816573,1
1427816873,2
1427817173,2
1427817473,5
1427817773,5
1427818073,2
1427818373,11
1427818673,13
1427818973,3
1427819273,1
1427819573,5
1427819873,5
1427820173,2
1427820473,5
1427820773,2
1427821073,3
1427821373,10
1427821673,4
1427821973,4
1427822273,3
1427822573,8
1427822873,0
1427823173,7
1427823473,6
1427823773,4
1427824073,4
1427824373,3
1427824673,2
1427824973,2
1427825273,2
1427825573,2
1427825873,3
1427826173,6
1427826473,6
1427826773,1
1427827073,2
1427827373,4
1427827673,1
1427827973,0
1427828273,3
1427828573,4
1427828873,1
1427829173,2
1427829473,3
1427829773,7
1427830073,5
1427830373,2
1427830673,4
1427830973,4
1427831273,1
1427831573,3
1427831873,0
1427832173,1
1427832473,6
1427832773,5
1427833073,2
1427833373,2
1427833673,3
1427833973,4
1427834273,2
1427834573,5
1427834873,2
1427835173,7
1427835473,2
1427835773,2
1427836073,3
1427836373,1
1427836673,3
1427836973,1
1427837273,0
1427837573,2
1427837873,0
1427838173,1
1427838473,1
1427838773,1
1427839073,2
1427839373,2
1427839673,2
1427839973,1
1427840273,1
1427840573,3
1427840873,0
1427841173,4
1427841473,6
1427841773,2
1427842073,3
1427842373,3
1427842673,2
1427842973,2
1427843273,2
1427843573,1
1427843873,2
1427844173,0
1427844473,0
1427844773,0
1427845073,3
1427845373,0
1427845673,1
1427845973,0
1427846273,0
1427846573,2
1427846873,4
1427847173,3
1427847473,1
1427847773,1
1427848073,0
1427848373,0
1427848673,1
1427848973,1
1427849273,0
1427849573,1
1427849873,1
1427850173,1
1427850473,1
1427850773,1
1427851073,0
1427851373,0
1427851673,0
1427851973,0
1427852273,1
1427852573,0
1427852873,0
1427853173,0
1427853473,4
1427853773,0
1427854073,2
1427854373,3
1427854673,0
1427854973,0
1427855273,3
1427855573,1
1427855873,0
1427856173,1
1427856473,0
1427856773,0
1427857073,1
1427857373,1
1427857673,1
1427857973,0
1427858273,1
1427858573,3
1427858873,1
1427859173,1
1427859473,0
1427859773,0
1427860073,0
1427860373,0
1427860673,1
1427860973,0
1427861273,1
1427861573,1
1427861873,0
1427862173,0
1427862473,3
1427862773,0
1427863073,0
1427863373,0
1427863673,0
1427863973,0
1427864273,0
1427864573,1
1427864873,2
1427865173,0
1427865473,1
1427865773,3
1427866073,2
1427866373,1
1427866673,0
1427866973,0
1427867273,0
1427867573,1
1427867873,3
1427868173,2
1427868473,0
1427868773,0
1427869073,0
1427869373,0
1427869673,0
1427869973,1
1427870273,0
1427870573,0
1427870873,0
1427871173,0
1427871473,0
1427871773,1
1427872073,0
1427872373,1
1427872673,0
1427872973,0
1427873273,0
1427873573,0
1427873873,0
1427874173,2
1427874473,3
1427874773,1
1427875073,0
1427875373,2
1427875673,2
1427875973,2
1427876273,1
1427876573,3
1427876873,1
1427877173,1
1427877473,1
1427877773,0
1427878073,1
1427878373,3
1427878673,0
1427878973,0
1427879273,0
1427879573,0
1427879873,0
1427880173,1
1427880473,1
1427880773,1
1427881073,1
1427881373,0
1427881673,0
1427881973,0
1427882273,2
1427882573,2
1427882873,4
1427883173,1
1427883473,1
1427883773,5
1427884073,3
1427884373,6
1427884673,0
1427884973,2
1427885273,1
1427885573,2
1427885873,2
1427886173,1
1427886473,4
1427886773,2
1427887073,3
1427887373,0
1427887673,1
1427887973,6
1427888273,1
1427888573,6
1427888873,1
1427889173,4
1427889473,1
1427889773,1
1427890073,1
1427890373,1
1427890673,3
1427890973,4
1427891273,0
1427891573,0
1427891873,5
1427892173,6
1427892473,2
1427892773,0
1427893073,1
1427893373,6
1427893673,4
1427893973,1
1427894273,4
1427894573,8
1427894873,1
1427895173,2
1427895473,4
1427895773,8
1427896073,2
1427896373,2
1427896673,0
1427896973,2
1427897273,4
1427897573,2
1427897873,8
1427898173,3
1427898473,0
1427898773,5
1427899073,6
1427899373,2
1427899673,3
1427899973,2
1427900273,2
1427900573,0
1427900873,3
1427901173,1
1427901473,0
1427901773,1
1427902073,2
1427902373,4
1427902673,5
1427902973,1
1427903273,8
1427903573,3
1427903873,0
1427904173,2
1427904473,2
1427904773,4
1427905073,3
1427905373,2
1427905673,1
1427905973,1
1427906273,3
1427906573,3
1427906873,3
1427907173,2
1427907473,2
1427907773,1
1427908073,1
1427908373,2
1427908673,4
1427908973,1
1427909273,1
1427909573,2
1427909873,2
1427910173,1
1427910473,2
1427910773,3
1427911073,2
1427911373,16
1427911673,10
1427911973,8
1427912273,3
1427912573,2
1427912873,1
1427913173,3
1427913473,2
1427913773,2
1427914073,0
1427914373,2
1427914673,9
1427914973,113
1427915273,207
1427915573,180
1427915873,73
1427916173,4
1427916473,6
1427916773,4
1427917073,3
1427917373,2
1427917673,1
1427917973,2
1427918273,2
1427918573,1
1427918873,2
1427919173,3
1427919473,6
1427919773,10
1427920073,2
1427920373,3
1427920673,5
1427920973,3
1427921273,0
1427921573,0
1427921873,2
1427922173,4
1427922473,2
1427922773,1
1427923073,3
1427923373,1
1427923673,1
1427923973,0
1427924273,3
1427924573,1
1427924873,2
1427925173,2
1427925473,2
1427925773,0
1427926073,2
1427926373,1
1427926673,4
1427926973,1
1427927273,1
1427927573,2
1427927873,1
1427928173,2
1427928473,2
1427928773,5
1427929073,2
1427929373,0
1427929673,0
1427929973,1
1427930273,0
1427930573,1
1427930873,2
1427931173,5
1427931473,2
1427931773,3
1427932073,1
1427932373,0
1427932673,0
1427932973,1
1427933273,0
1427933573,0
1427933873,0
1427934173,2
1427934473,3
1427934773,0
1427935073,0
1427935373,1
1427935673,1
1427935973,1
1427936273,1
1427936573,3
1427936873,61
1427937173,184
1427937473,175
1427937773,190
1427938073,172
1427938373,100
1427938673,48
1427938973,24
1427939273,18
1427939573,3
1427939873,0
1427940173,1
1427940473,1
1427940773,1
1427941073,0
1427941373,1
1427941673,1
1427941973,1
1427942273,1
1427942573,2
1427942873,1
1427943173,1
1427943473,0
1427943773,1
1427944073,2
1427944373,0
1427944673,1
1427944973,0
1427945273,0
1427945573,2
1427945873,1
1427946173,0
1427946473,2
1427946773,0
1427947073,0
1427947373,0
1427947673,2
1427947973,0
1427948273,0
1427948573,1
1427948873,0
1427949173,1
1427949473,1
1427949773,1
1427950073,0
1427950373,1
1427950673,0
1427950973,3
1427951273,1
1427951573,0
1427951873,0
1427952173,1
1427952473,0
1427952773,0
1427953073,0
1427953373,1
1427953673,0
1427953973,0
1427954273,1
1427954573,1
1427954873,2
1427955173,1
1427955473,1
1427955773,1
1427956073,1
1427956373,0
1427956673,0
1427956973,1
1427957273,1
1427957573,1
1427957873,2
1427958173,0
1427958473,0
1427958773,0
1427959073,5
1427959373,0
1427959673,0
1427959973,0
1427960273,0
1427960573,0
1427960873,0
1427961173,1
1427961473,0
1427961773,0
1427962073,0
1427962373,0
1427962673,1
1427962973,0
1427963273,4
1427963573,1
1427963873,1
1427964173,0
1427964473,4
1427964773,0
1427965073,2
1427965373,1
1427965673,1
1427965973,2
1427966273,2
1427966573,1
1427966873,1
1427967173,0
1427967473,2
1427967773,1
1427968073,0
1427968373,2
1427968673,0
1427968973,1
1427969273,0
1427969573,1
1427969873,2
1427970173,0
1427970473,0
1427970773,110
1427971073,196
1427971373,207
1427971673,192
1427971973,151
1427972273,67
1427972573,14
1427972873,5
1427973173,7
1427973473,0
1427973773,3
1427974073,3
1427974373,1
1427974673,3
1427974973,3
1427975273,1
1427975573,3
1427975873,3
1427976173,8
1427976473,2
1427976773,0
1427977073,0
1427977373,2
1427977673,2
1427977973,3
1427978273,3
1427978573,1
1427978873,5
1427979173,2
1427979473,4
1427979773,5
1427980073,2
1427980373,1
1427980673,5
1427980973,1
1427981273,2
1427981573,5
1427981873,5
1427982173,3
1427982473,4
1427982773,4
1427983073,2
1427983373,1
1427983673,2
1427983973,4
1427984273,4
1427984573,4
1427984873,5
1427985173,0
1427985473,3
1427985773,1
1427986073,1
1427986373,2
1427986673,2
1427986973,2
1427987273,1
1427987573,2
1427987873,0
1427988173,4
1427988473,2
1427988773,1
1427989073,3
1427989373,3
1427989673,0
1427989973,1
1427990273,0
1427990573,2
1427990873,3
1427991173,0
1427991473,2
1427991773,1
1427992073,3
1427992373,3
1427992673,4
1427992973,2
1427993273,1
1427993573,1
1427993873,3
1427994173,6
1427994473,2
1427994773,4
1427995073,1
1427995373,146
1427995673,46
1427995973,51
1427996273,29
1427996573,20
1427996873,5
1427997173,10
1427997473,9
1427997773,9
1427998073,18
1427998373,6
1427998673,3
1427998973,7
1427999273,2
1427999573,2
1427999873,10
1428000173,5
1428000473,2
1428000773,2
1428001073,0
1428001373,5
1428001673,4
1428001973,5
1428002273,11
1428002573,5
1428002873,4
1428003173,0
1428003473,3
1428003773,3
1428004073,8
1428004373,9
1428004673,10
1428004973,5
1428005273,4
1428005573,2
1428005873,2
1428006173,1
1428006473,4
1428006773,2
1428007073,2
1428007373,2
1428007673,3
1428007973,3
1428008273,3
1428008573,9
1428008873,6
1428009173,5
1428009473,2
1428009773,7
1428010073,1
1428010373,6
1428010673,5
1428010973,4
1428011273,7
1428011573,2
1428011873,3
1428012173,4
1428012473,5
1428012773,6
1428013073,7
1428013373,5
1428013673,6
1428013973,2
1428014273,2
1428014573,2
1428014873,1
1428015173,3
1428015473,2
1428015773,0
1428016073,1
1428016373,5
1428016673,1
1428016973,0
1428017273,0
1428017573,0
1428017873,1
1428018173,1
1428018473,5
1428018773,1
1428019073,3
1428019373,6
1428019673,0
1428019973,2
1428020273,3
1428020573,0
1428020873,3
1428021173,0
1428021473,2
1428021773,4
1428022073,6
1428022373,1
1428022673,2
1428022973,0
1428023273,1
1428023573,1
1428023873,1
1428024173,1
1428024473,2
1428024773,2
1428025073,3
1428025373,4
1428025673,0
1428025973,2
1428026273,1
1428026573,1
1428026873,4
1428027173,1
1428027473,0
1428027773,1
1428028073,0
1428028373,2
1428028673,4
1428028973,1
1428029273,1
1428029573,0
1428029873,1
1428030173,0
1428030473,0
1428030773,1
1428031073,2
1428031373,2
1428031673,4
1428031973,5
1428032273,3
1428032573,1
1428032873,0
1428033173,1
1428033473,8
1428033773,4
1428034073,0
1428034373,1
1428034673,1
1428034973,1
1428035273,1
1428035573,2
1428035873,2
1428036173,183
1428036473,198
1428036773,204
1428037073,217
1428037373,99
1428037673,47
1428037973,12
1428038273,4
1428038573,2
1428038873,2
1428039173,1
1428039473,0
1428039773,0
1428040073,2
1428040373,3
1428040673,0
1428040973,2
1428041273,0
1428041573,3
1428041873,2
1428042173,3
1428042473,3
1428042773,4
1428043073,3
1428043373,2
1428043673,2
1428043973,0
1428044273,1
1428044573,0
1428044873,0
1428045173,3
1428045473,0
1428045773,2
1428046073,4
1428046373,1
1428046673,7
1428046973,6
1428047273,10
1428047573,5
1428047873,3
1428048173,3
1428048473,1
1428048773,1
1428049073,2
1428049373,1
1428049673,2
1428049973,0
1428050273,4
1428050573,1
1428050873,1
1428051173,1
1428051473,0
1428051773,2
1428052073,0
1428052373,1
1428052673,1
1428052973,3
1428053273,0
1428053573,0
1428053873,3
1428054173,6
1428054473,1
1428054773,0
1428055073,0
1428055373,1
1428055673,2
1428055973,4
1428056273,4
1428056573,3
1428056873,17
1428057173,16
1428057473,5
1428057773,5
1428058073,9
1428058373,5
1428058673,3
1428058973,5
1428059273,3
1428059573,3
1428059873,2
1428060173,1
1428060473,7
1428060773,5
1428061073,6
1428061373,4
1428061673,5
1428061973,2
1428062273,2
1428062573,2
1428062873,7
1428063173,1
1428063473,2
1428063773,4
1428064073,17
1428064373,4
1428064673,3
1428064973,3
1428065273,4
1428065573,2
1428065873,1
1428066173,6
1428066473,4
1428066773,4
1428067073,6
1428067373,5
1428067673,10
1428067973,8
1428068273,6
1428068573,3
1428068873,1
1428069173,3
1428069473,1
1428069773,9
1428070073,15
1428070373,3
1428070673,3
1428070973,1
1428071273,5
1428071573,6
1428071873,3
1428072173,4
1428072473,6
1428072773,4
1428073073,5
1428073373,4
1428073673,1
1428073973,6
1428074273,8
1428074573,9
1428074873,4
1428075173,3
1428075473,5
1428075773,4
1428076073,5
1428076373,6
1428076673,3
1428076973,8
1428077273,0
1428077573,5
1428077873,5
1428078173,4
1428078473,9
1428078773,4
1428079073,4
1428079373,0
1428079673,8
1428079973,2
1428080273,6
1428080573,3
1428080873,3
1428081173,4
1428081473,3
1428081773,3
1428082073,5
1428082373,3
1428082673,5
1428082973,0
1428083273,6
1428083573,13
1428083873,4
1428084173,4
1428084473,3
1428084773,2
1428085073,6
1428085373,0
1428085673,5
1428085973,4
1428086273,2
1428086573,5
1428086873,5
1428087173,2
1428087473,2
1428087773,5
1428088073,5
1428088373,2
1428088673,0
1428088973,3
1428089273,5
1428089573,1
1428089873,4
1428090173,2
1428090473,8
1428090773,3
1428091073,2
1428091373,0
1428091673,9
1428091973,3
1428092273,0
1428092573,3
1428092873,10
1428093173,18
1428093473,13
1428093773,29
1428094073,17
1428094373,9
1428094673,15
1428094973,12
1428095273,9
1428095573,7
1428095873,11
1428096173,8
1428096473,12
1428096773,4
1428097073,7
1428097373,10
1428097673,1
1428097973,6
1428098273,4
1428098573,9
1428098873,3
1428099173,4
1428099473,7
1428099773,10
1428100073,2
1428100373,6
1428100673,2
1428100973,4
1428101273,1
1428101573,4
1428101873,5
1428102173,2
1428102473,4
1428102773,6
1428103073,4
1428103373,3
1428103673,4
1428103973,2
1428104273,2
1428104573,2
1428104873,2
1428105173,1
1428105473,2
1428105773,2
1428106073,0
1428106373,3
1428106673,4
1428106973,1
1428107273,37
1428107573,24
1428107873,16
1428108173,17
1428108473,11
1428108773,6
1428109073,5
1428109373,4
1428109673,3
1428109973,10
1428110273,3
1428110573,11
1428110873,8
1428111173,8
1428111473,7
1428111773,1
1428112073,5
1428112373,0
1428112673,5
1428112973,12
1428113273,3
1428113573,2
1428113873,6
1428114173,1
1428114473,2
1428114773,2
1428115073,4
1428115373,2
1428115673,1
1428115973,2
1428116273,5
1428116573,4
1428116873,5
1428117173,4
1428117473,3
1428117773,1
1428118073,1
1428118373,2
1428118673,4
1428118973,1
1428119273,1
1428119573,2
1428119873,1
1428120173,0
1428120473,1
1428120773,1
1428121073,1
1428121373,0
1428121673,0
1428121973,0
1428122273,0
1428122573,0
1428122873,1
1428123173,0
1428123473,0
1428123773,1
1428124073,1
1428124373,1
1428124673,2
1428124973,0
1428125273,1
1428125573,0
1428125873,6
1428126173,6
1428126473,10
1428126773,4
1428127073,1
1428127373,3
1428127673,2
1428127973,3
1428128273,5
1428128573,0
1428128873,5
1428129173,1
1428129473,2
1428129773,32
1428130073,84
1428130373,32
1428130673,31
1428130973,10
1428131273,9
1428131573,10
1428131873,7
1428132173,7
1428132473,6
1428132773,5
1428133073,8
1428133373,7
1428133673,6
1428133973,4
1428134273,8
1428134573,7
1428134873,0
1428135173,4
1428135473,7
1428135773,7
1428136073,4
1428136373,2
1428136673,2
1428136973,5
1428137273,2
1428137573,8
1428137873,4
1428138173,1
1428138473,1
1428138773,7
1428139073,4
1428139373,4
1428139673,2
1428139973,8
1428140273,3
1428140573,2
1428140873,2
1428141173,7
1428141473,6
1428141773,1
1428142073,5
1428142373,9
1428142673,5
1428142973,8
1428143273,6
1428143573,13
1428143873,7
1428144173,4
1428144473,4
1428144773,9
1428145073,7
1428145373,6
1428145673,2
1428145973,4
1428146273,2
1428146573,10
1428146873,5
1428147173,9
1428147473,13
1428147773,9
1428148073,8
1428148373,6
1428148673,6
1428148973,13
1428149273,13
1428149573,5
1428149873,3
1428150173,9
1428150473,9
1428150773,7
1428151073,6
1428151373,7
1428151673,9
1428151973,17
1428152273,22
1428152573,11
1428152873,8
1428153173,3
1428153473,5
1428153773,15
1428154073,5
1428154373,8
1428154673,7
1428154973,10
1428155273,6
1428155573,11
1428155873,6
1428156173,6
1428156473,7
1428156773,6
1428157073,20
1428157373,14
1428157673,15
1428157973,8
1428158273,8
1428158573,15
1428158873,7
1428159173,11
1428159473,11
1428159773,7
1428160073,5
1428160373,8
1428160673,13
1428160973,5
1428161273,7
1428161573,5
1428161873,7
1428162173,8
1428162473,5
1428162773,12
1428163073,10
1428163373,4
1428163673,4
1428163973,2
1428164273,2
1428164573,2
1428164873,4
1428165173,6
1428165473,2
1428165773,1
1428166073,5
1428166373,1
1428166673,2
1428166973,6
1428167273,6
1428167573,8
1428167873,6
1428168173,4
1428168473,8
1428168773,4
1428169073,9
1428169373,2
1428169673,4
1428169973,8
1428170273,4
1428170573,4
1428170873,0
1428171173,1
1428171473,1
1428171773,3
1428172073,5
1428172373,4
1428172673,5
1428172973,2
1428173273,0
1428173573,0
1428173873,2
1428174173,2
1428174473,10
1428174773,5
1428175073,4
1428175373,9
1428175673,1
1428175973,1
1428176273,3
1428176573,4
1428176873,2
1428177173,6
1428177473,10
1428177773,4
1428178073,4
1428178373,5
1428178673,3
1428178973,5
1428179273,5
1428179573,3
1428179873,3
1428180173,7
1428180473,7
1428180773,1
1428181073,5
1428181373,5
1428181673,1
1428181973,1
1428182273,2
1428182573,6
1428182873,3
1428183173,1
1428183473,3
1428183773,3
1428184073,4
1428184373,2
1428184673,1
1428184973,5
1428185273,5
1428185573,2
1428185873,3
1428186173,5
1428186473,1
1428186773,3
1428187073,4
1428187373,4
1428187673,2
1428187973,2
1428188273,5
1428188573,3
1428188873,3
1428189173,2
1428189473,3
1428189773,3
1428190073,1
1428190373,2
1428190673,4
1428190973,4
1428191273,0
1428191573,3
1428191873,1
1428192173,7
1428192473,1
1428192773,2
1428193073,2
1428193373,0
1428193673,5
1428193973,1
1428194273,3
1428194573,4
1428194873,2
1428195173,2
1428195473,1
1428195773,1
1428196073,0
1428196373,1
1428196673,5
1428196973,1
1428197273,2
1428197573,2
1428197873,5
1428198173,4
1428198473,2
1428198773,4
1428199073,4
1428199373,4
1428199673,2
1428199973,3
1428200273,5
1428200573,3
1428200873,1
1428201173,4
1428201473,5
1428201773,1
1428202073,3
1428202373,2
1428202673,0
1428202973,0
1428203273,2
1428203573,6
1428203873,1
1428204173,2
1428204473,4
1428204773,3
1428205073,3
1428205373,6
1428205673,0
1428205973,0
1428206273,3
1428206573,1
1428206873,0
1428207173,0
1428207473,2
1428207773,2
1428208073,3
1428208373,2
1428208673,3
1428208973,3
1428209273,1
1428209573,0
1428209873,0
1428210173,2
1428210473,0
1428210773,0
1428211073,1
1428211373,1
1428211673,1
1428211973,1
1428212273,1
1428212573,1
1428212873,1
1428213173,0
1428213473,0
1428213773,0
1428214073,0
1428214373,1
1428214673,0
1428214973,0
1428215273,0
1428215573,1
1428215873,1
1428216173,0
1428216473,1
1428216773,1
1428217073,1
1428217373,3
1428217673,0
1428217973,1
1428218273,1
1428218573,19
1428218873,5
1428219173,1
1428219473,1
1428219773,2
1428220073,0
1428220373,0
1428220673,1
1428220973,0
1428221273,0
1428221573,0
1428221873,0
1428222173,1
1428222473,1
1428222773,1
1428223073,1
1428223373,0
1428223673,0
1428223973,0
1428224273,1
1428224573,0
1428224873,1
1428225173,0
1428225473,0
1428225773,0
1428226073,0
1428226373,0
1428226673,0
1428226973,0
1428227273,0
1428227573,0
1428227873,3
1428228173,0
1428228473,1
1428228773,2
1428229073,0
1428229373,1
1428229673,1
1428229973,2
1428230273,2
1428230573,0
1428230873,0
1428231173,2
1428231473,0
1428231773,0
1428232073,1
1428232373,0
1428232673,0
1428232973,2
1428233273,2
1428233573,3
1428233873,0
1428234173,0
1428234473,1
1428234773,3
1428235073,1
1428235373,4
1428235673,1
1428235973,0
1428236273,4
1428236573,1
1428236873,2
1428237173,3
1428237473,2
1428237773,0
1428238073,3
1428238373,1
1428238673,0
1428238973,2
1428239273,0
1428239573,0
1428239873,1
1428240173,1
1428240473,0
1428240773,3
1428241073,1
1428241373,2
1428241673,1
1428241973,0
1428242273,2
1428242573,0
1428242873,0
1428243173,4
1428243473,2
1428243773,0
1428244073,2
1428244373,2
1428244673,4
1428244973,0
1428245273,1
1428245573,5
1428245873,3
1428246173,3
1428246473,6
1428246773,1
1428247073,1
1428247373,0
1428247673,0
1428247973,1
1428248273,0
1428248573,0
1428248873,0
1428249173,3
1428249473,4
1428249773,1
1428250073,2
1428250373,0
1428250673,1
1428250973,2
1428251273,2
1428251573,2
1428251873,2
1428252173,3
1428252473,2
1428252773,2
1428253073,3
1428253373,0
1428253673,2
1428253973,0
1428254273,3
1428254573,1
1428254873,1
1428255173,2
1428255473,1
1428255773,0
1428256073,3
1428256373,1
1428256673,3
1428256973,0
1428257273,3
1428257573,4
1428257873,3
1428258173,0
1428258473,1
1428258773,2
1428259073,2
1428259373,1
1428259673,1
1428259973,1
1428260273,0
1428260573,0
1428260873,3
1428261173,2
1428261473,2
1428261773,0
1428262073,4
1428262373,2
1428262673,2
1428262973,0
1428263273,0
1428263573,0
1428263873,1
1428264173,0
1428264473,1
1428264773,1
1428265073,0
1428265373,2
1428265673,1
1428265973,0
1428266273,5
1428266573,1
1428266873,0
1428267173,0
1428267473,1
1428267773,1
1428268073,1
1428268373,1
1428268673,0
1428268973,1
1428269273,0
1428269573,2
1428269873,1
1428270173,0
1428270473,1
1428270773,1
1428271073,1
1428271373,0
1428271673,1
1428271973,0
1428272273,0
1428272573,1
1428272873,0
1428273173,4
1428273473,0
1428273773,0
1428274073,1
1428274373,0
1428274673,1
1428274973,1
1428275273,0
1428275573,1
1428275873,3
1428276173,1
1428276473,0
1428276773,0
1428277073,0
1428277373,0
1428277673,1
1428277973,4
1428278273,0
1428278573,0
1428278873,1
1428279173,4
1428279473,2
1428279773,0
1428280073,1
1428280373,0
1428280673,0
1428280973,1
1428281273,3
1428281573,0
1428281873,3
1428282173,0
1428282473,3
1428282773,3
1428283073,0
1428283373,4
1428283673,3
1428283973,1
1428284273,0
1428284573,1
1428284873,1
1428285173,0
1428285473,0
1428285773,1
1428286073,1
1428286373,1
1428286673,0
1428286973,0
1428287273,0
1428287573,0
1428287873,0
1428288173,0
1428288473,0
1428288773,0
1428289073,2
1428289373,1
1428289673,1
1428289973,0
1428290273,0
1428290573,2
1428290873,1
1428291173,1
1428291473,0
1428291773,0
1428292073,0
1428292373,1
1428292673,0
1428292973,0
1428293273,1
1428293573,1
1428293873,0
1428294173,0
1428294473,1
1428294773,2
1428295073,1
1428295373,1
1428295673,2
1428295973,0
1428296273,0
1428296573,0
1428296873,2
1428297173,0
1428297473,1
1428297773,0
1428298073,2
1428298373,0
1428298673,0
1428298973,0
1428299273,1
1428299573,1
1428299873,1
1428300173,0
1428300473,1
1428300773,0
1428301073,1
1428301373,0
1428301673,0
1428301973,1
1428302273,0
1428302573,1
1428302873,1
1428303173,1
1428303473,0
1428303773,0
1428304073,1
1428304373,0
1428304673,2
1428304973,0
1428305273,1
1428305573,2
1428305873,2
1428306173,0
1428306473,2
1428306773,0
1428307073,0
1428307373,0
1428307673,0
1428307973,0
1428308273,1
1428308573,0
1428308873,1
1428309173,0
1428309473,1
1428309773,0
1428310073,0
1428310373,0
1428310673,0
1428310973,0
1428311273,0
1428311573,0
1428311873,0
1428312173,0
1428312473,0
1428312773,1
1428313073,1
1428313373,2
1428313673,0
1428313973,0
1428314273,0
1428314573,0
1428314873,3
1428315173,2
1428315473,1
1428315773,0
1428316073,0
1428316373,0
1428316673,2
1428316973,3
1428317273,5
1428317573,0
1428317873,0
1428318173,1
1428318473,1
1428318773,1
1428319073,0
1428319373,1
1428319673,1
1428319973,3
1428320273,4
1428320573,2
1428320873,0
1428321173,0
1428321473,3
1428321773,1
1428322073,1
1428322373,1
1428322673,2
1428322973,0
1428323273,2
1428323573,11
1428323873,161
1428324173,176
1428324473,164
1428324773,149
1428325073,114
1428325373,42
1428325673,7
1428325973,0
1428326273,3
1428326573,3
1428326873,3
1428327173,3
1428327473,2
1428327773,1
1428328073,1
1428328373,10
1428328673,7
1428328973,2
1428329273,3
1428329573,4
1428329873,3
1428330173,2
1428330473,1
1428330773,3
1428331073,3
1428331373,0
1428331673,1
1428331973,3
1428332273,3
1428332573,1
1428332873,6
1428333173,2
1428333473,3
1428333773,4
1428334073,4
1428334373,2
1428334673,0
1428334973,3
1428335273,1
1428335573,5
1428335873,1
1428336173,12
1428336473,4
1428336773,2
1428337073,4
1428337373,1
1428337673,6
1428337973,1
1428338273,2
1428338573,0
1428338873,0
1428339173,2
1428339473,1
1428339773,1
1428340073,1
1428340373,0
1428340673,1
1428340973,6
1428341273,1
1428341573,4
1428341873,9
1428342173,6
1428342473,4
1428342773,5
1428343073,1
1428343373,40
1428343673,35
1428343973,5
1428344273,1
1428344573,2
1428344873,2
1428345173,3
1428345473,3
1428345773,6
1428346073,2
1428346373,6
1428346673,5
1428346973,7
1428347273,2
1428347573,6
1428347873,3
1428348173,3
1428348473,3
1428348773,2
1428349073,3
1428349373,0
1428349673,5
1428349973,3
1428350273,2
1428350573,0
1428350873,1
1428351173,3
1428351473,3
1428351773,0
1428352073,2
1428352373,4
1428352673,4
1428352973,0
1428353273,3
1428353573,1
1428353873,2
1428354173,4
1428354473,1
1428354773,0
1428355073,4
1428355373,9
1428355673,1
1428355973,3
1428356273,6
1428356573,1
1428356873,8
1428357173,2
1428357473,7
1428357773,6
1428358073,7
1428358373,4
1428358673,2
1428358973,4
1428359273,10
1428359573,6
1428359873,2
1428360173,4
1428360473,2
1428360773,4
1428361073,3
1428361373,2
1428361673,5
1428361973,1
1428362273,2
1428362573,1
1428362873,1
1428363173,2
1428363473,2
1428363773,2
1428364073,2
1428364373,2
1428364673,5
1428364973,5
1428365273,3
1428365573,2
1428365873,1
1428366173,5
1428366473,4
1428366773,7
1428367073,2
1428367373,2
1428367673,2
1428367973,3
1428368273,1
1428368573,1
1428368873,0
1428369173,3
1428369473,3
1428369773,1
1428370073,1
1428370373,2
1428370673,1
1428370973,0
1428371273,0
1428371573,2
1428371873,1
1428372173,1
1428372473,1
1428372773,1
1428373073,1
1428373373,0
1428373673,2
1428373973,3
1428374273,1
1428374573,0
1428374873,0
1428375173,0
1428375473,4
1428375773,0
1428376073,1
1428376373,2
1428376673,0
1428376973,2
1428377273,2
1428377573,2
1428377873,3
1428378173,0
1428378473,0
1428378773,0
1428379073,1
1428379373,0
1428379673,0
1428379973,1
1428380273,0
1428380573,0
1428380873,3
1428381173,0
1428381473,2
1428381773,0
1428382073,2
1428382373,0
1428382673,0
1428382973,1
1428383273,3
1428383573,2
1428383873,0
1428384173,4
1428384473,1
1428384773,0
1428385073,1
1428385373,0
1428385673,2
1428385973,0
1428386273,0
1428386573,0
1428386873,2
1428387173,3
1428387473,0
1428387773,0
1428388073,1
1428388373,0
1428388673,1
1428388973,3
1428389273,0
1428389573,2
1428389873,1
1428390173,3
1428390473,2
1428390773,0
1428391073,0
1428391373,0
1428391673,0
1428391973,1
1428392273,0
1428392573,0
1428392873,0
1428393173,1
1428393473,1
1428393773,1
1428394073,0
1428394373,0
1428394673,2
1428394973,0
1428395273,1
1428395573,0
1428395873,0
1428396173,0
1428396473,1
1428396773,1
1428397073,4
1428397373,1
1428397673,0
1428397973,2
1428398273,2
1428398573,3
1428398873,1
1428399173,1
1428399473,1
1428399773,1
1428400073,1
1428400373,2
1428400673,4
1428400973,1
1428401273,2
1428401573,2
1428401873,0
1428402173,0
1428402473,0
1428402773,1
1428403073,2
1428403373,0
1428403673,1
1428403973,3
1428404273,3
1428404573,6
1428404873,6
1428405173,1
1428405473,3
1428405773,3
1428406073,4
1428406373,1
1428406673,10
1428406973,4
1428407273,6
1428407573,4
1428407873,3
1428408173,4
1428408473,2
1428408773,2
1428409073,4
1428409373,2
1428409673,4
1428409973,2
1428410273,0
1428410573,3
1428410873,6
1428411173,1
1428411473,3
1428411773,0
1428412073,4
1428412373,3
1428412673,2
1428412973,4
1428413273,1
1428413573,1
1428413873,6
1428414173,0
1428414473,7
1428414773,1
1428415073,7
1428415373,3
1428415673,0
1428415973,1
1428416273,4
1428416573,3
1428416873,4
1428417173,3
1428417473,2
1428417773,4
1428418073,2
1428418373,3
1428418673,1
1428418973,4
1428419273,3
1428419573,1
1428419873,1
1428420173,1
1428420473,6
1428420773,2
1428421073,1
1428421373,5
1428421673,0
1428421973,4
1428422273,3
1428422573,9
1428422873,1
1428423173,4
1428423473,14
1428423773,10
1428424073,7
1428424373,3
1428424673,4
1428424973,9
1428425273,6
1428425573,7
1428425873,4
1428426173,7
1428426473,6
1428426773,5
1428427073,7
1428427373,1
1428427673,5
1428427973,4
1428428273,5
1428428573,4
1428428873,1
1428429173,5
1428429473,8
1428429773,3
1428430073,2
1428430373,1
1428430673,6
1428430973,3
1428431273,4
1428431573,7
1428431873,8
1428432173,3
1428432473,1
1428432773,2
1428433073,5
1428433373,3
1428433673,6
1428433973,5
1428434273,6
1428434573,7
1428434873,4
1428435173,4
1428435473,2
1428435773,1
1428436073,2
1428436373,2
1428436673,9
1428436973,2
1428437273,2
1428437573,9
1428437873,6
1428438173,3
1428438473,6
1428438773,2
1428439073,0
1428439373,8
1428439673,10
1428439973,3
1428440273,0
1428440573,2
1428440873,3
1428441173,1
1428441473,2
1428441773,1
1428442073,2
1428442373,4
1428442673,2
1428442973,4
1428443273,2
1428443573,3
1428443873,1
1428444173,2
1428444473,0
1428444773,4
1428445073,2
1428445373,3
1428445673,2
1428445973,4
1428446273,3
1428446573,1
1428446873,6
1428447173,2
1428447473,1
1428447773,3
1428448073,1
1428448373,1
1428448673,0
1428448973,0
1428449273,4
1428449573,6
1428449873,2
1428450173,2
1428450473,2
1428450773,0
1428451073,2
1428451373,1
1428451673,4
1428451973,2
1428452273,0
1428452573,1
1428452873,1
1428453173,7
1428453473,0
1428453773,0
1428454073,0
1428454373,3
1428454673,3
1428454973,1
1428455273,0
1428455573,3
1428455873,2
1428456173,0
1428456473,0
1428456773,0
1428457073,0
1428457373,1
1428457673,2
1428457973,1
1428458273,0
1428458573,1
1428458873,3
1428459173,0
1428459473,0
1428459773,2
1428460073,1
1428460373,0
1428460673,0
1428460973,0
1428461273,0
1428461573,0
1428461873,1
1428462173,0
1428462473,0
1428462773,0
1428463073,1
1428463373,1
1428463673,0
1428463973,0
1428464273,0
1428464573,0
1428464873,0
1428465173,0
1428465473,1
1428465773,1
1428466073,0
1428466373,0
1428466673,1
1428466973,5
1428467273,3
1428467573,2
1428467873,4
1428468173,0
1428468473,1
1428468773,2
1428469073,0
1428469373,2
1428469673,2
1428469973,0
1428470273,1
1428470573,0
1428470873,0
1428471173,1
1428471473,0
1428471773,1
1428472073,1
1428472373,0
1428472673,0
1428472973,0
1428473273,0
1428473573,1
1428473873,0
1428474173,1
1428474473,0
1428474773,1
1428475073,0
1428475373,0
1428475673,0
1428475973,0
1428476273,2
1428476573,1
1428476873,1
1428477173,0
1428477473,0
1428477773,0
1428478073,2
1428478373,1
1428478673,1
1428478973,1
1428479273,0
1428479573,2
1428479873,2
1428480173,0
1428480473,0
1428480773,0
1428481073,3
1428481373,1
1428481673,1
1428481973,0
1428482273,0
1428482573,1
1428482873,2
1428483173,1
1428483473,1
1428483773,2
1428484073,1
1428484373,4
1428484673,2
1428484973,0
1428485273,2
1428485573,1
1428485873,3
1428486173,0
1428486473,2
1428486773,0
1428487073,1
1428487373,1
1428487673,1
1428487973,2
1428488273,1
1428488573,0
1428488873,4
1428489173,3
1428489473,2
1428489773,2
1428490073,1
1428490373,3
1428490673,6
1428490973,8
1428491273,5
1428491573,8
1428491873,4
1428492173,8
1428492473,10
1428492773,5
1428493073,2
1428493373,1
1428493673,2
1428493973,51
1428494273,183
1428494573,3
1428494873,5
1428495173,6
1428495473,2
1428495773,6
1428496073,3
1428496373,5
1428496673,2
1428496973,1
1428497273,5
1428497573,6
1428497873,5
1428498173,4
1428498473,4
1428498773,2
1428499073,2
1428499373,2
1428499673,2
1428499973,5
1428500273,3
1428500573,4
1428500873,87
1428501173,34
1428501473,3
1428501773,7
1428502073,10
1428502373,5
1428502673,1
1428502973,5
1428503273,1
1428503573,1
1428503873,5
1428504173,6
1428504473,4
1428504773,2
1428505073,12
1428505373,2
1428505673,4
1428505973,3
1428506273,6
1428506573,8
1428506873,2
1428507173,8
1428507473,4
1428507773,6
1428508073,7
1428508373,7
1428508673,1
1428508973,4
1428509273,4
1428509573,1
1428509873,4
1428510173,1
1428510473,5
1428510773,3
1428511073,1
1428511373,0
1428511673,5
1428511973,3
1428512273,6
1428512573,3
1428512873,3
1428513173,3
1428513473,10
1428513773,9
1428514073,3
1428514373,2
1428514673,3
1428514973,4
1428515273,1
1428515573,2
1428515873,0
1428516173,3
1428516473,3
1428516773,3
1428517073,1
1428517373,0
1428517673,3
1428517973,2
1428518273,1
1428518573,5
1428518873,2
1428519173,1
1428519473,3
1428519773,3
1428520073,3
1428520373,4
1428520673,0
1428520973,4
1428521273,2
1428521573,3
1428521873,2
1428522173,1
1428522473,4
1428522773,2
1428523073,3
1428523373,6
1428523673,3
1428523973,2
1428524273,2
1428524573,1
1428524873,3
1428525173,4
1428525473,3
1428525773,7
1428526073,2
1428526373,3
1428526673,0
1428526973,2
1428527273,2
1428527573,0
1428527873,1
1428528173,4
1428528473,2
1428528773,4
1428529073,4
1428529373,3
1428529673,2
1428529973,4
1428530273,2
1428530573,1
1428530873,4
1428531173,1
1428531473,5
1428531773,6
1428532073,2
1428532373,3
1428532673,3
1428532973,2
1428533273,2
1428533573,0
1428533873,2
1428534173,0
1428534473,0
1428534773,0
1428535073,6
1428535373,1
1428535673,1
1428535973,6
1428536273,1
1428536573,4
1428536873,0
1428537173,3
1428537473,0
1428537773,1
1428538073,0
1428538373,2
1428538673,1
1428538973,4
1428539273,1
1428539573,2
1428539873,3
1428540173,1
1428540473,2
1428540773,2
1428541073,1
1428541373,1
1428541673,0
1428541973,2
1428542273,0
1428542573,1
1428542873,0
1428543173,1
1428543473,0
1428543773,0
1428544073,1
1428544373,0
1428544673,2
1428544973,5
1428545273,2
1428545573,0
1428545873,0
1428546173,0
1428546473,0
1428546773,0
1428547073,1
1428547373,2
1428547673,1
1428547973,1
1428548273,0
1428548573,0
1428548873,0
1428549173,0
1428549473,1
1428549773,0
1428550073,0
1428550373,0
1428550673,1
1428550973,3
1428551273,2
1428551573,0
1428551873,0
1428552173,1
1428552473,0
1428552773,1
1428553073,0
1428553373,0
1428553673,0
1428553973,0
1428554273,1
1428554573,2
1428554873,2
1428555173,2
1428555473,0
1428555773,0
1428556073,1
1428556373,0
1428556673,3
1428556973,0
1428557273,0
1428557573,0
1428557873,0
1428558173,0
1428558473,0
1428558773,0
1428559073,0
1428559373,1
1428559673,0
1428559973,1
1428560273,0
1428560573,1
1428560873,0
1428561173,0
1428561473,1
1428561773,0
1428562073,0
1428562373,1
1428562673,1
1428562973,0
1428563273,1
1428563573,1
1428563873,1
1428564173,3
1428564473,0
1428564773,0
1428565073,0
1428565373,0
1428565673,0
1428565973,0
1428566273,83
1428566573,197
1428566873,186
1428567173,219
1428567473,163
1428567773,82
1428568073,29
1428568373,6
1428568673,1
1428568973,0
1428569273,0
1428569573,2
1428569873,0
1428570173,1
1428570473,0
1428570773,1
1428571073,4
1428571373,2
1428571673,2
1428571973,0
1428572273,0
1428572573,2
1428572873,0
1428573173,0
1428573473,4
1428573773,6
1428574073,3
1428574373,1
1428574673,0
1428574973,1
1428575273,0
1428575573,4
1428575873,6
1428576173,14
1428576473,11
1428576773,7
1428577073,8
1428577373,10
1428577673,6
1428577973,7
1428578273,6
1428578573,5
1428578873,6
1428579173,6
1428579473,3
1428579773,3
1428580073,3
1428580373,3
1428580673,2
1428580973,3
1428581273,5
1428581573,1
1428581873,1
1428582173,4
1428582473,1
1428582773,3
1428583073,3
1428583373,2
1428583673,4
1428583973,4
1428584273,4
1428584573,2
1428584873,2
1428585173,3
1428585473,2
1428585773,4
1428586073,1
1428586373,3
1428586673,9
1428586973,1
1428587273,1
1428587573,0
1428587873,1
1428588173,6
1428588473,2
1428588773,1
1428589073,3
1428589373,1
1428589673,12
1428589973,2
1428590273,3
1428590573,4
1428590873,6
1428591173,2
1428591473,2
1428591773,5
1428592073,9
1428592373,6
1428592673,8
1428592973,2
1428593273,2
1428593573,2
1428593873,3
1428594173,6
1428594473,5
1428594773,4
1428595073,5
1428595373,4
1428595673,2
1428595973,1
1428596273,11
1428596573,5
1428596873,7
1428597173,3
1428597473,7
1428597773,4
1428598073,6
1428598373,1
1428598673,3
1428598973,10
1428599273,4
1428599573,11
1428599873,7
1428600173,3
1428600473,2
1428600773,7
1428601073,4
1428601373,4
1428601673,2
1428601973,18
1428602273,10
1428602573,11
1428602873,8
1428603173,6
1428603473,8
1428603773,4
1428604073,7
1428604373,9
1428604673,12
1428604973,6
1428605273,7
1428605573,6
1428605873,4
1428606173,1
1428606473,4
1428606773,4
1428607073,4
1428607373,9
1428607673,3
1428607973,5
1428608273,6
1428608573,2
1428608873,8
1428609173,2
1428609473,4
1428609773,4
1428610073,2
1428610373,5
1428610673,5
1428610973,5
1428611273,0
1428611573,2
1428611873,3
1428612173,6
1428612473,10
1428612773,5
1428613073,6
1428613373,2
1428613673,5
1428613973,0
1428614273,5
1428614573,4
1428614873,6
1428615173,4
1428615473,2
1428615773,2
1428616073,3
1428616373,4
1428616673,1
1428616973,2
1428617273,2
1428617573,3
1428617873,5
1428618173,5
1428618473,4
1428618773,5
1428619073,3
1428619373,3
1428619673,6
1428619973,6
1428620273,3
1428620573,2
1428620873,4
1428621173,0
1428621473,4
1428621773,1
1428622073,1
1428622373,4
1428622673,4
1428622973,2
1428623273,2
1428623573,2
1428623873,2
1428624173,1
1428624473,10
1428624773,4
1428625073,1
1428625373,4
1428625673,3
1428625973,3
1428626273,4
1428626573,6
1428626873,3
1428627173,6
1428627473,2
1428627773,3
1428628073,4
1428628373,3
1428628673,4
1428628973,4
1428629273,2
1428629573,2
1428629873,3
1428630173,1
1428630473,6
1428630773,3
1428631073,8
1428631373,3
1428631673,4
1428631973,0
1428632273,0
1428632573,1
1428632873,2
1428633173,2
1428633473,1
1428633773,1
1428634073,2
1428634373,0
1428634673,2
1428634973,3
1428635273,1
1428635573,0
1428635873,1
1428636173,2
1428636473,3
1428636773,2
1428637073,1
1428637373,0
1428637673,0
1428637973,1
1428638273,0
1428638573,1
1428638873,0
1428639173,1
1428639473,2
1428639773,1
1428640073,0
1428640373,1
1428640673,0
1428640973,0
1428641273,0
1428641573,0
1428641873,0
1428642173,0
1428642473,1
1428642773,0
1428643073,0
1428643373,1
1428643673,0
1428643973,1
1428644273,0
1428644573,0
1428644873,0
1428645173,1
1428645473,0
1428645773,2
1428646073,0
1428646373,2
1428646673,0
1428646973,0
1428647273,1
1428647573,0
1428647873,0
1428648173,1
1428648473,2
1428648773,2
1428649073,1
1428649373,0
1428649673,0
1428649973,0
1428650273,1
1428650573,2
1428650873,2
1428651173,1
1428651473,1
1428651773,0
1428652073,1
1428652373,0
1428652673,0
1428652973,4
1428653273,3
1428653573,0
1428653873,1
1428654173,1
1428654473,0
1428654773,2
1428655073,0
1428655373,3
1428655673,0
1428655973,2
1428656273,0
1428656573,1
1428656873,0
1428657173,0
1428657473,0
1428657773,2
1428658073,1
1428658373,7
1428658673,0
1428658973,0
1428659273,1
1428659573,1
1428659873,2
1428660173,3
1428660473,0
1428660773,1
1428661073,1
1428661373,0
1428661673,2
1428661973,3
1428662273,0
1428662573,0
1428662873,2
1428663173,0
1428663473,2
1428663773,1
1428664073,1
1428664373,3
1428664673,0
1428664973,1
1428665273,9
1428665573,2
1428665873,2
1428666173,2
1428666473,1
1428666773,6
1428667073,0
1428667373,3
1428667673,0
1428667973,3
1428668273,2
1428668573,1
1428668873,2
1428669173,0
1428669473,1
1428669773,1
1428670073,0
1428670373,4
1428670673,3
1428670973,2
1428671273,1
1428671573,2
1428671873,2
1428672173,1
1428672473,2
1428672773,12
1428673073,15
1428673373,23
1428673673,18
1428673973,23
1428674273,16
1428674573,2
1428674873,3
1428675173,2
1428675473,15
1428675773,4
1428676073,5
1428676373,1
1428676673,2
1428676973,4
1428677273,3
1428677573,5
1428677873,1
1428678173,9
1428678473,7
1428678773,4
1428679073,5
1428679373,12
1428679673,13
1428679973,12
1428680273,4
1428680573,6
1428680873,4
1428681173,10
1428681473,7
1428681773,11
1428682073,8
1428682373,4
1428682673,5
1428682973,4
1428683273,9
1428683573,9
1428683873,8
1428684173,8
1428684473,3
1428684773,5
1428685073,3
1428685373,15
1428685673,11
1428685973,2
1428686273,13
1428686573,13
1428686873,13
1428687173,5
1428687473,9
1428687773,9
1428688073,7
1428688373,2
1428688673,4
1428688973,4
1428689273,9
1428689573,8
1428689873,7
1428690173,5
1428690473,9
1428690773,5
1428691073,6
1428691373,5
1428691673,2
1428691973,4
1428692273,5
1428692573,6
1428692873,7
1428693173,4
1428693473,2
1428693773,5
1428694073,7
1428694373,3
1428694673,10
1428694973,10
1428695273,5
1428695573,1
1428695873,4
1428696173,5
1428696473,6
1428696773,6
1428697073,4
1428697373,6
1428697673,6
1428697973,3
1428698273,5
1428698573,5
1428698873,2
1428699173,1
1428699473,6
1428699773,10
1428700073,5
1428700373,4
1428700673,6
1428700973,4
1428701273,5
1428701573,7
1428701873,9
1428702173,9
1428702473,5
1428702773,7
1428703073,3
1428703373,3
1428703673,2
1428703973,5
1428704273,5
1428704573,2
1428704873,5
1428705173,1
1428705473,5
1428705773,4
1428706073,4
1428706373,3
1428706673,4
1428706973,2
1428707273,7
1428707573,3
1428707873,5
1428708173,1
1428708473,3
1428708773,2
1428709073,2
1428709373,4
1428709673,7
1428709973,1
1428710273,2
1428710573,5
1428710873,6
1428711173,2
1428711473,4
1428711773,5
1428712073,3
1428712373,2
1428712673,5
1428712973,9
1428713273,6
1428713573,2
1428713873,7
1428714173,3
1428714473,6
1428714773,1
1428715073,8
1428715373,3
1428715673,3
1428715973,6
1428716273,1
1428716573,2
1428716873,2
1428717173,3
1428717473,5
1428717773,4
1428718073,5
1428718373,5
1428718673,3
1428718973,4
1428719273,7
1428719573,2
1428719873,5
1428720173,4
1428720473,2
1428720773,11
1428721073,2
1428721373,4
1428721673,5
1428721973,7
1428722273,3
1428722573,1
1428722873,2
1428723173,4
1428723473,0
1428723773,1
1428724073,0
1428724373,0
1428724673,3
1428724973,1
1428725273,0
1428725573,1
1428725873,0
1428726173,0
1428726473,0
1428726773,0
1428727073,0
1428727373,1
1428727673,0
1428727973,0
1428728273,4
1428728573,0
1428728873,1
1428729173,0
1428729473,1
1428729773,0
1428730073,0
1428730373,1
1428730673,2
1428730973,1
1428731273,0
1428731573,0
1428731873,0
1428732173,1
1428732473,0
1428732773,0
1428733073,0
1428733373,0
1428733673,0
1428733973,0
1428734273,0
1428734573,0
1428734873,0
1428735173,1
1428735473,0
1428735773,0
1428736073,1
1428736373,1
1428736673,2
1428736973,0
1428737273,1
1428737573,1
1428737873,0
1428738173,1
1428738473,0
1428738773,2
1428739073,0
1428739373,0
1428739673,2
1428739973,0
1428740273,0
1428740573,0
1428740873,0
1428741173,0
1428741473,0
1428741773,2
1428742073,1
1428742373,0
1428742673,1
1428742973,0
1428743273,2
1428743573,0
1428743873,0
1428744173,0
1428744473,1
1428744773,2
1428745073,0
1428745373,0
1428745673,1
1428745973,1
1428746273,2
1428746573,0
1428746873,2
1428747173,3
1428747473,2
1428747773,2
1428748073,2
1428748373,2
1428748673,0
1428748973,1
1428749273,2
1428749573,2
1428749873,1
1428750173,1
1428750473,0
1428750773,1
1428751073,0
1428751373,1
1428751673,2
1428751973,4
1428752273,1
1428752573,6
1428752873,3
1428753173,3
1428753473,4
1428753773,2
1428754073,0
1428754373,3
1428754673,2
1428754973,2
1428755273,2
1428755573,1
1428755873,4
1428756173,1
1428756473,3
1428756773,2
1428757073,4
1428757373,2
1428757673,1
1428757973,4
1428758273,0
1428758573,1
1428758873,0
1428759173,1
1428759473,0
1428759773,3
1428760073,2
1428760373,1
1428760673,2
1428760973,2
1428761273,3
1428761573,1
1428761873,2
1428762173,1
1428762473,4
1428762773,0
1428763073,0
1428763373,1
1428763673,3
1428763973,1
1428764273,1
1428764573,2
1428764873,1
1428765173,0
1428765473,0
1428765773,4
1428766073,2
1428766373,0
1428766673,2
1428766973,3
1428767273,0
1428767573,0
1428767873,0
1428768173,0
1428768473,1
1428768773,2
1428769073,1
1428769373,0
1428769673,0
1428769973,0
1428770273,1
1428770573,0
1428770873,0
1428771173,1
1428771473,2
1428771773,0
1428772073,1
1428772373,0
1428772673,1
1428772973,2
1428773273,0
1428773573,0
1428773873,1
1428774173,0
1428774473,2
1428774773,1
1428775073,2
1428775373,3
1428775673,2
1428775973,0
1428776273,1
1428776573,1
1428776873,0
1428777173,0
1428777473,1
1428777773,1
1428778073,2
1428778373,2
1428778673,1
1428778973,0
1428779273,0
1428779573,1
1428779873,0
1428780173,1
1428780473,2
1428780773,5
1428781073,1
1428781373,1
1428781673,0
1428781973,0
1428782273,1
1428782573,1
1428782873,0
1428783173,1
1428783473,3
1428783773,1
1428784073,0
1428784373,1
1428784673,2
1428784973,1
1428785273,2
1428785573,2
1428785873,3
1428786173,0
1428786473,1
1428786773,2
1428787073,0
1428787373,2
1428787673,0
1428787973,1
1428788273,0
1428788573,0
1428788873,0
1428789173,0
1428789473,1
1428789773,0
1428790073,2
1428790373,0
1428790673,0
1428790973,0
1428791273,0
1428791573,0
1428791873,1
1428792173,0
1428792473,0
1428792773,1
1428793073,0
1428793373,1
1428793673,0
1428793973,0
1428794273,0
1428794573,0
1428794873,0
1428795173,2
1428795473,2
1428795773,1
1428796073,0
1428796373,0
1428796673,0
1428796973,1
1428797273,0
1428797573,0
1428797873,0
1428798173,0
1428798473,0
1428798773,0
1428799073,0
1428799373,0
1428799673,2
1428799973,0
1428800273,1
1428800573,0
1428800873,0
1428801173,2
1428801473,3
1428801773,1
1428802073,3
1428802373,0
1428802673,0
1428802973,0
1428803273,1
1428803573,1
1428803873,0
1428804173,2
1428804473,0
1428804773,0
1428805073,0
1428805373,0
1428805673,0
1428805973,0
1428806273,1
1428806573,0
1428806873,0
1428807173,0
1428807473,0
1428807773,0
1428808073,0
1428808373,1
1428808673,0
1428808973,1
1428809273,0
1428809573,0
1428809873,0
1428810173,0
1428810473,0
1428810773,1
1428811073,0
1428811373,0
1428811673,0
1428811973,0
1428812273,0
1428812573,0
1428812873,0
1428813173,0
1428813473,2
1428813773,0
1428814073,0
1428814373,2
1428814673,0
1428814973,0
1428815273,0
1428815573,0
1428815873,1
1428816173,0
1428816473,0
1428816773,0
1428817073,0
1428817373,0
1428817673,0
1428817973,0
1428818273,0
1428818573,0
1428818873,1
1428819173,0
1428819473,0
1428819773,0
1428820073,0
1428820373,0
1428820673,0
1428820973,0
1428821273,0
1428821573,0
1428821873,3
1428822173,0
1428822473,0
1428822773,1
1428823073,0
1428823373,0
1428823673,1
1428823973,1
1428824273,1
1428824573,2
1428824873,1
1428825173,0
1428825473,0
1428825773,0
1428826073,0
1428826373,0
1428826673,0
1428826973,0
1428827273,1
1428827573,0
1428827873,1
1428828173,0
1428828473,0
1428828773,0
1428829073,0
1428829373,2
1428829673,1
1428829973,0
1428830273,0
1428830573,1
1428830873,0
1428831173,1
1428831473,0
1428831773,0
1428832073,1
1428832373,1
1428832673,0
1428832973,0
1428833273,1
1428833573,0
1428833873,1
1428834173,0
1428834473,0
1428834773,0
1428835073,0
1428835373,0
1428835673,0
1428835973,0
1428836273,0
1428836573,0
1428836873,0
1428837173,1
1428837473,1
1428837773,2
1428838073,1
1428838373,1
1428838673,4
1428838973,0
1428839273,0
1428839573,0
1428839873,2
1428840173,2
1428840473,0
1428840773,0
1428841073,0
1428841373,1
1428841673,1
1428841973,1
1428842273,0
1428842573,1
1428842873,1
1428843173,0
1428843473,3
1428843773,3
1428844073,1
1428844373,3
1428844673,0
1428844973,5
1428845273,1
1428845573,0
1428845873,0
1428846173,0
1428846473,0
1428846773,0
1428847073,2
1428847373,3
1428847673,3
1428847973,4
1428848273,9
1428848573,2
1428848873,3
1428849173,4
1428849473,5
1428849773,5
1428850073,4
1428850373,9
1428850673,3
1428850973,10
1428851273,6
1428851573,3
1428851873,3
1428852173,4
1428852473,3
1428852773,2
1428853073,5
1428853373,2
1428853673,3
1428853973,6
1428854273,3
1428854573,7
1428854873,3
1428855173,5
1428855473,11
1428855773,6
1428856073,6
1428856373,2
1428856673,3
1428856973,0
1428857273,6
1428857573,3
1428857873,6
1428858173,6
1428858473,5
1428858773,2
1428859073,12
1428859373,1
1428859673,6
1428859973,3
1428860273,3
1428860573,4
1428860873,2
1428861173,6
1428861473,4
1428861773,2
1428862073,5
1428862373,3
1428862673,4
1428862973,7
1428863273,2
1428863573,3
1428863873,5
1428864173,5
1428864473,3
1428864773,3
1428865073,4
1428865373,6
1428865673,7
1428865973,5
1428866273,1
1428866573,4
1428866873,1
1428867173,2
1428867473,3
1428867773,1
1428868073,2
1428868373,1
1428868673,2
1428868973,5
1428869273,1
1428869573,4
1428869873,4
1428870173,1
1428870473,2
1428870773,4
1428871073,4
1428871373,1
1428871673,1
1428871973,0
1428872273,2
1428872573,3
1428872873,3
1428873173,0
1428873473,3
1428873773,2
1428874073,5
1428874373,3
1428874673,4
1428874973,2
1428875273,0
1428875573,3
1428875873,2
1428876173,4
1428876473,3
1428876773,4
1428877073,3
1428877373,2
1428877673,5
1428877973,3
1428878273,2
1428878573,8
1428878873,2
1428879173,1
1428879473,3
1428879773,5
1428880073,2
1428880373,5
1428880673,4
1428880973,2
1428881273,6
1428881573,1
1428881873,1
1428882173,4
1428882473,2
1428882773,0
1428883073,1
1428883373,0
1428883673,4
1428883973,2
1428884273,2
1428884573,4
1428884873,2
1428885173,3
1428885473,3
1428885773,5
1428886073,5
1428886373,2
1428886673,1
1428886973,0
1428887273,3
1428887573,0
1428887873,1
1428888173,5
1428888473,4
1428888773,2
1428889073,2
1428889373,3
1428889673,2
1428889973,0
1428890273,2
1428890573,0
1428890873,2
1428891173,1
1428891473,2
1428891773,3
1428892073,2
1428892373,1
1428892673,2
1428892973,1
1428893273,0
1428893573,3
1428893873,0
1428894173,1
1428894473,2
1428894773,3
1428895073,1
1428895373,3
1428895673,1
1428895973,0
1428896273,1
1428896573,0
1428896873,1
1428897173,1
1428897473,0
1428897773,0
1428898073,0
1428898373,0
1428898673,0
1428898973,0
1428899273,0
1428899573,0
1428899873,0
1428900173,3
1428900473,3
1428900773,0
1428901073,0
1428901373,0
1428901673,0
1428901973,1
1428902273,0
1428902573,1
1428902873,1
1428903173,0
1428903473,1
1428903773,0
1428904073,0
1428904373,0
1428904673,0
1428904973,4
1428905273,0
1428905573,1
1428905873,0
1428906173,0
1428906473,0
1428906773,0
1428907073,0
1428907373,0
1428907673,0
1428907973,1
1428908273,0
1428908573,0
1428908873,2
1428909173,0
1428909473,0
1428909773,0
1428910073,0
1428910373,0
1428910673,0
1428910973,0
1428911273,0
1428911573,1
1428911873,0
1428912173,0
1428912473,0
1428912773,0
1428913073,1
1428913373,0
1428913673,0
1428913973,0
1428914273,1
1428914573,5
1428914873,0
1428915173,0
1428915473,0
1428915773,0
1428916073,0
1428916373,0
1428916673,2
1428916973,0
1428917273,1
1428917573,1
1428917873,3
1428918173,1
1428918473,1
1428918773,1
1428919073,2
1428919373,3
1428919673,3
1428919973,4
1428920273,3
1428920573,3
1428920873,1
1428921173,3
1428921473,2
1428921773,2
1428922073,1
1428922373,0
1428922673,2
1428922973,5
1428923273,3
1428923573,3
1428923873,2
1428924173,2
1428924473,3
1428924773,3
1428925073,2
1428925373,3
1428925673,1
1428925973,0
1428926273,4
1428926573,4
1428926873,0
1428927173,2
1428927473,0
1428927773,0
1428928073,5
1428928373,3
1428928673,1
1428928973,1
1428929273,0
1428929573,2
1428929873,0
1428930173,5
1428930473,3
1428930773,0
1428931073,1
1428931373,2
1428931673,4
1428931973,2
1428932273,2
1428932573,5
1428932873,0
1428933173,3
1428933473,5
1428933773,3
1428934073,4
1428934373,3
1428934673,3
1428934973,1
1428935273,3
1428935573,6
1428935873,0
1428936173,1
1428936473,3
1428936773,5
1428937073,2
1428937373,5
1428937673,3
1428937973,0
1428938273,1
1428938573,1
1428938873,1
1428939173,1
1428939473,3
1428939773,1
1428940073,3
1428940373,1
1428940673,1
1428940973,0
1428941273,4
1428941573,2
1428941873,0
1428942173,3
1428942473,3
1428942773,1
1428943073,2
1428943373,3
1428943673,4
1428943973,2
1428944273,1
1428944573,6
1428944873,4
1428945173,1
1428945473,1
1428945773,2
1428946073,4
1428946373,3
1428946673,0
1428946973,4
1428947273,2
1428947573,1
1428947873,3
1428948173,2
1428948473,6
1428948773,3
1428949073,4
1428949373,6
1428949673,1
1428949973,5
1428950273,1
1428950573,1
1428950873,1
1428951173,2
1428951473,3
1428951773,0
1428952073,5
1428952373,6
1428952673,8
1428952973,0
1428953273,1
1428953573,1
1428953873,3
1428954173,5
1428954473,3
1428954773,2
1428955073,1
1428955373,3
1428955673,2
1428955973,2
1428956273,3
1428956573,1
1428956873,0
1428957173,5
1428957473,2
1428957773,2
1428958073,1
1428958373,2
1428958673,4
1428958973,0
1428959273,1
1428959573,1
1428959873,1
1428960173,3
1428960473,3
1428960773,1
1428961073,2
1428961373,1
1428961673,2
1428961973,0
1428962273,3
1428962573,1
1428962873,2
1428963173,1
1428963473,1
1428963773,4
1428964073,1
1428964373,0
1428964673,2
1428964973,4
1428965273,8
1428965573,1
1428965873,0
1428966173,0
1428966473,2
1428966773,0
1428967073,4
1428967373,0
1428967673,1
1428967973,2
1428968273,2
1428968573,3
1428968873,5
1428969173,3
1428969473,3
1428969773,0
1428970073,0
1428970373,3
1428970673,2
1428970973,0
1428971273,2
1428971573,1
1428971873,0
1428972173,1
1428972473,3
1428972773,4
1428973073,1
1428973373,0
1428973673,9
1428973973,3
1428974273,1
1428974573,1
1428974873,0
1428975173,1
1428975473,1
1428975773,0
1428976073,0
1428976373,2
1428976673,1
1428976973,1
1428977273,1
1428977573,0
1428977873,1
1428978173,0
1428978473,1
1428978773,0
1428979073,0
1428979373,0
1428979673,0
1428979973,3
1428980273,0
1428980573,2
1428980873,0
1428981173,0
1428981473,0
1428981773,1
1428982073,0
1428982373,0
1428982673,0
1428982973,0
1428983273,0
1428983573,0
1428983873,0
1428984173,1
1428984473,1
1428984773,1
1428985073,1
1428985373,2
1428985673,1
1428985973,0
1428986273,1
1428986573,0
1428986873,0
1428987173,1
1428987473,1
1428987773,1
1428988073,0
1428988373,0
1428988673,0
1428988973,0
1428989273,0
1428989573,1
1428989873,0
1428990173,0
1428990473,0
1428990773,0
1428991073,0
1428991373,0
1428991673,0
1428991973,2
1428992273,0
1428992573,1
1428992873,1
1428993173,0
1428993473,1
1428993773,2
1428994073,1
1428994373,2
1428994673,2
1428994973,2
1428995273,3
1428995573,3
1428995873,0
1428996173,1
1428996473,1
1428996773,1
1428997073,0
1428997373,1
1428997673,0
1428997973,0
1428998273,0
1428998573,0
1428998873,1
1428999173,1
1428999473,0
1428999773,0
1429000073,1
1429000373,0
1429000673,0
1429000973,0
1429001273,1
1429001573,0
1429001873,2
1429002173,3
1429002473,0
1429002773,1
1429003073,1
1429003373,0
1429003673,0
1429003973,1
1429004273,1
1429004573,1
1429004873,2
1429005173,2
1429005473,1
1429005773,2
1429006073,0
1429006373,1
1429006673,1
1429006973,0
1429007273,0
1429007573,1
1429007873,1
1429008173,127
1429008473,205
1429008773,185
1429009073,194
1429009373,158
1429009673,69
1429009973,17
1429010273,9
1429010573,1
1429010873,4
1429011173,9
1429011473,6
1429011773,3
1429012073,5
1429012373,4
1429012673,1
1429012973,1
1429013273,3
1429013573,4
1429013873,1
1429014173,3
1429014473,4
1429014773,2
1429015073,1
1429015373,2
1429015673,0
1429015973,5
1429016273,2
1429016573,5
1429016873,3
1429017173,0
1429017473,1
1429017773,3
1429018073,4
1429018373,7
1429018673,1
1429018973,2
1429019273,1
1429019573,2
1429019873,2
1429020173,0
1429020473,0
1429020773,1
1429021073,6
1429021373,1
1429021673,1
1429021973,0
1429022273,2
1429022573,1
1429022873,4
1429023173,4
1429023473,1
1429023773,2
1429024073,2
1429024373,2
1429024673,1
1429024973,1
1429025273,3
1429025573,3
1429025873,1
1429026173,4
1429026473,5
1429026773,4
1429027073,9
1429027373,2
1429027673,4
1429027973,6
1429028273,1
1429028573,3
1429028873,4
1429029173,2
1429029473,2
1429029773,4
1429030073,0
1429030373,1
1429030673,8
1429030973,7
1429031273,5
1429031573,5
1429031873,3
1429032173,3
1429032473,3
1429032773,2
1429033073,1
1429033373,3
1429033673,8
1429033973,4
1429034273,1
1429034573,2
1429034873,2
1429035173,3
1429035473,3
1429035773,3
1429036073,2
1429036373,2
1429036673,1
1429036973,2
1429037273,4
1429037573,3
1429037873,6
1429038173,6
1429038473,4
1429038773,5
1429039073,3
1429039373,6
1429039673,1
1429039973,4
1429040273,5
1429040573,6
1429040873,4
1429041173,7
1429041473,5
1429041773,7
1429042073,2
1429042373,5
1429042673,2
1429042973,1
1429043273,6
1429043573,6
1429043873,4
1429044173,7
1429044473,7
1429044773,7
1429045073,4
1429045373,6
1429045673,6
1429045973,2
1429046273,2
1429046573,3
1429046873,1
1429047173,0
1429047473,3
1429047773,1
1429048073,1
1429048373,4
1429048673,5
1429048973,2
1429049273,3
1429049573,5
1429049873,6
1429050173,1
1429050473,1
1429050773,2
1429051073,1
1429051373,1
1429051673,3
1429051973,1
1429052273,2
1429052573,0
1429052873,4
1429053173,0
1429053473,4
1429053773,2
1429054073,8
1429054373,6
1429054673,1
1429054973,5
1429055273,0
1429055573,1
1429055873,1
1429056173,2
1429056473,0
1429056773,2
1429057073,3
1429057373,1
1429057673,0
1429057973,0
1429058273,1
1429058573,3
1429058873,2
1429059173,2
1429059473,2
1429059773,2
1429060073,5
1429060373,0
1429060673,1
1429060973,0
1429061273,2
1429061573,7
1429061873,0
1429062173,1
1429062473,0
1429062773,3
1429063073,0
1429063373,0
1429063673,1
1429063973,0
1429064273,0
1429064573,0
1429064873,2
1429065173,1
1429065473,0
1429065773,0
1429066073,0
1429066373,0
1429066673,2
1429066973,0
1429067273,1
1429067573,0
1429067873,0
1429068173,0
1429068473,0
1429068773,1
1429069073,0
1429069373,0
1429069673,0
1429069973,0
1429070273,0
1429070573,0
1429070873,0
1429071173,2
1429071473,0
1429071773,1
1429072073,2
1429072373,3
1429072673,0
1429072973,0
1429073273,0
1429073573,1
1429073873,1
1429074173,1
1429074473,1
1429074773,0
1429075073,0
1429075373,2
1429075673,0
1429075973,0
1429076273,0
1429076573,0
1429076873,0
1429077173,0
1429077473,0
1429077773,3
1429078073,1
1429078373,0
1429078673,0
1429078973,0
1429079273,4
1429079573,0
1429079873,5
1429080173,0
1429080473,0
1429080773,0
1429081073,0
1429081373,0
1429081673,2
1429081973,0
1429082273,0
1429082573,2
1429082873,2
1429083173,0
1429083473,1
1429083773,0
1429084073,0
1429084373,0
1429084673,1
1429084973,1
1429085273,1
1429085573,0
1429085873,0
1429086173,5
1429086473,3
1429086773,1
1429087073,0
1429087373,0
1429087673,2
1429087973,0
1429088273,2
1429088573,0
1429088873,2
1429089173,1
1429089473,2
1429089773,0
1429090073,1
1429090373,1
1429090673,3
1429090973,3
1429091273,1
1429091573,2
1429091873,1
1429092173,3
1429092473,0
1429092773,2
1429093073,2
1429093373,2
1429093673,2
1429093973,0
1429094273,2
1429094573,0
1429094873,3
1429095173,2
1429095473,1
1429095773,2
1429096073,1
1429096373,4
1429096673,2
1429096973,1
1429097273,3
1429097573,1
1429097873,1
1429098173,1
1429098473,3
1429098773,3
1429099073,4
1429099373,2
1429099673,0
1429099973,1
1429100273,2
1429100573,2
1429100873,3
1429101173,3
1429101473,4
1429101773,5
1429102073,1
1429102373,3
1429102673,4
1429102973,4
1429103273,4
1429103573,0
1429103873,2
1429104173,1
1429104473,1
1429104773,0
1429105073,2
1429105373,3
1429105673,3
1429105973,2
1429106273,4
1429106573,2
1429106873,4
1429107173,112
1429107473,193
1429107773,205
1429108073,175
1429108373,144
1429108673,73
1429108973,10
1429109273,0
1429109573,3
1429109873,3
1429110173,3
1429110473,2
1429110773,0
1429111073,2
1429111373,3
1429111673,3
1429111973,0
1429112273,2
1429112573,2
1429112873,2
1429113173,2
1429113473,5
1429113773,3
1429114073,5
1429114373,4
1429114673,6
1429114973,2
1429115273,3
1429115573,1
1429115873,1
1429116173,4
1429116473,4
1429116773,6
1429117073,5
1429117373,1
1429117673,0
1429117973,2
1429118273,0
1429118573,3
1429118873,3
1429119173,0
1429119473,1
1429119773,2
1429120073,2
1429120373,3
1429120673,36
1429120973,1
1429121273,1
1429121573,2
1429121873,2
1429122173,2
1429122473,3
1429122773,4
1429123073,3
1429123373,5
1429123673,1
1429123973,2
1429124273,7
1429124573,3
1429124873,51
1429125173,1
1429125473,3
1429125773,0
1429126073,6
1429126373,5
1429126673,2
1429126973,1
1429127273,2
1429127573,4
1429127873,6
1429128173,5
1429128473,4
1429128773,3
1429129073,5
1429129373,2
1429129673,0
1429129973,0
1429130273,0
1429130573,1
1429130873,59
1429131173,112
1429131473,44
1429131773,2
1429132073,5
1429132373,0
1429132673,2
1429132973,5
1429133273,4
1429133573,2
1429133873,178
1429134173,202
1429134473,102
1429134773,6
1429135073,3
1429135373,4
1429135673,2
1429135973,7
1429136273,2
1429136573,1
1429136873,3
1429137173,0
1429137473,1
1429137773,1
1429138073,1
1429138373,2
1429138673,1
1429138973,1
1429139273,0
1429139573,1
1429139873,2
1429140173,5
1429140473,1
1429140773,5
1429141073,0
1429141373,1
1429141673,1
1429141973,2
1429142273,1
1429142573,1
1429142873,2
1429143173,1
1429143473,3
1429143773,2
1429144073,4
1429144373,1
1429144673,0
1429144973,3
1429145273,7
1429145573,2
1429145873,1
1429146173,0
1429146473,2
1429146773,0
1429147073,1
1429147373,1
1429147673,1
1429147973,2
1429148273,0
1429148573,1
1429148873,3
1429149173,1
1429149473,3
1429149773,4
1429150073,2
1429150373,0
1429150673,0
1429150973,0
1429151273,1
1429151573,2
1429151873,0
1429152173,2
1429152473,1
1429152773,0
1429153073,0
1429153373,2
1429153673,0
1429153973,0
1429154273,1
1429154573,0
1429154873,0
1429155173,0
1429155473,1
1429155773,1
1429156073,1
1429156373,1
1429156673,0
1429156973,1
1429157273,3
1429157573,1
1429157873,0
1429158173,0
1429158473,4
1429158773,0
1429159073,0
1429159373,0
1429159673,1
1429159973,0
1429160273,1
1429160573,0
1429160873,1
1429161173,0
1429161473,0
1429161773,0
1429162073,0
1429162373,0
1429162673,0
1429162973,0
1429163273,0
1429163573,1
1429163873,0
1429164173,0
1429164473,0
1429164773,0
1429165073,0
1429165373,1
1429165673,0
1429165973,1
1429166273,0
1429166573,1
1429166873,0
1429167173,0
1429167473,1
1429167773,0
1429168073,1
1429168373,0
1429168673,1
1429168973,0
1429169273,1
1429169573,1
1429169873,3
1429170173,0
1429170473,2
1429170773,0
1429171073,2
1429171373,2
1429171673,1
1429171973,2
1429172273,1
1429172573,1
1429172873,0
1429173173,3
1429173473,0
1429173773,0
1429174073,0
1429174373,0
1429174673,0
1429174973,1
1429175273,1
1429175573,1
1429175873,0
1429176173,1
1429176473,1
1429176773,3
1429177073,0
1429177373,0
1429177673,1
1429177973,1
1429178273,0
1429178573,0
1429178873,0
1429179173,2
1429179473,2
1429179773,0
1429180073,0
1429180373,0
1429180673,3
1429180973,2
1429181273,3
1429181573,4
1429181873,2
1429182173,2
1429182473,3
1429182773,4
1429183073,1
1429183373,4
1429183673,4
1429183973,2
1429184273,2
1429184573,5
1429184873,151
1429185173,179
1429185473,187
1429185773,163
1429186073,64
1429186373,4
1429186673,6
1429186973,27
1429187273,12
1429187573,4
1429187873,3
1429188173,2
1429188473,5
1429188773,3
1429189073,0
1429189373,0
1429189673,2
1429189973,1
1429190273,4
1429190573,2
1429190873,5
1429191173,3
1429191473,0
1429191773,1
1429192073,2
1429192373,2
1429192673,2
1429192973,2
1429193273,1
1429193573,4
1429193873,1
1429194173,1
1429194473,2
1429194773,2
1429195073,0
1429195373,2
1429195673,1
1429195973,2
1429196273,3
1429196573,1
1429196873,3
1429197173,2
1429197473,2
1429197773,0
1429198073,1
1429198373,1
1429198673,4
1429198973,4
1429199273,2
1429199573,2
1429199873,7
1429200173,4
1429200473,9
1429200773,3
1429201073,8
1429201373,12
1429201673,0
1429201973,0
1429202273,2
1429202573,0
1429202873,1
1429203173,1
1429203473,4
1429203773,1
1429204073,4
1429204373,2
1429204673,3
1429204973,2
1429205273,1
1429205573,6
1429205873,70
1429206173,6
1429206473,3
1429206773,3
1429207073,4
1429207373,3
1429207673,4
1429207973,3
1429208273,9
1429208573,6
1429208873,6
1429209173,5
1429209473,2
1429209773,5
1429210073,1
1429210373,4
1429210673,9
1429210973,7
1429211273,5
1429211573,10
1429211873,4
1429212173,0
1429212473,5
1429212773,7
1429213073,10
1429213373,6
1429213673,2
1429213973,2
1429214273,3
1429214573,6
1429214873,9
1429215173,8
1429215473,12
1429215773,20
1429216073,8
1429216373,7
1429216673,1
1429216973,11
1429217273,4
1429217573,5
1429217873,8
1429218173,4
1429218473,3
1429218773,4
1429219073,6
1429219373,7
1429219673,9
1429219973,6
1429220273,4
1429220573,8
1429220873,6
1429221173,8
1429221473,4
1429221773,2
1429222073,2
1429222373,2
1429222673,6
1429222973,2
1429223273,8
1429223573,5
1429223873,3
1429224173,2
1429224473,5
1429224773,3
1429225073,2
1429225373,2
1429225673,3
1429225973,3
1429226273,4
1429226573,4
1429226873,3
1429227173,4
1429227473,3
1429227773,6
1429228073,3
1429228373,5
1429228673,4
1429228973,4
1429229273,6
1429229573,1
1429229873,3
1429230173,4
1429230473,2
1429230773,2
1429231073,2
1429231373,6
1429231673,5
1429231973,3
1429232273,7
1429232573,7
1429232873,2
1429233173,1
1429233473,0
1429233773,7
1429234073,7
1429234373,12
1429234673,7
1429234973,3
1429235273,3
1429235573,4
1429235873,2
1429236173,2
1429236473,3
1429236773,4
1429237073,5
1429237373,3
1429237673,4
1429237973,2
1429238273,4
1429238573,1
1429238873,3
1429239173,4
1429239473,5
1429239773,4
1429240073,0
1429240373,1
1429240673,1
1429240973,6
1429241273,0
1429241573,2
1429241873,2
1429242173,4
1429242473,3
1429242773,1
1429243073,0
1429243373,1
1429243673,1
1429243973,8
1429244273,0
1429244573,0
1429244873,2
1429245173,0
1429245473,0
1429245773,1
1429246073,0
1429246373,0
1429246673,0
1429246973,0
1429247273,1
1429247573,0
1429247873,1
1429248173,0
1429248473,1
1429248773,0
1429249073,0
1429249373,1
1429249673,1
1429249973,0
1429250273,0
1429250573,0
1429250873,2
1429251173,0
1429251473,1
1429251773,1
1429252073,1
1429252373,0
1429252673,0
1429252973,0
1429253273,0
1429253573,2
1429253873,2
1429254173,3
1429254473,0
1429254773,0
1429255073,0
1429255373,1
1429255673,0
1429255973,2
1429256273,2
1429256573,3
1429256873,0
1429257173,0
1429257473,0
1429257773,1
1429258073,2
1429258373,1
1429258673,0
1429258973,1
1429259273,3
1429259573,0
1429259873,2
1429260173,0
1429260473,1
1429260773,0
1429261073,0
1429261373,1
1429261673,0
1429261973,0
1429262273,1
1429262573,0
1429262873,0
1429263173,1
1429263473,0
1429263773,2
1429264073,2
1429264373,2
1429264673,1
1429264973,0
1429265273,0
1429265573,1
1429265873,1
1429266173,1
1429266473,3
1429266773,3
1429267073,0
1429267373,0
1429267673,4
1429267973,4
1429268273,5
1429268573,0
1429268873,1
1429269173,1
1429269473,2
1429269773,4
1429270073,1
1429270373,2
1429270673,1
1429270973,1
1429271273,2
1429271573,0
1429271873,3
1429272173,3
1429272473,2
1429272773,0
1429273073,2
1429273373,4
1429273673,3
1429273973,9
1429274273,3
1429274573,7
1429274873,4
1429275173,2
1429275473,4
1429275773,1
1429276073,2
1429276373,6
1429276673,2
1429276973,1
1429277273,5
1429277573,9
1429277873,7
1429278173,1
1429278473,6
1429278773,6
1429279073,5
1429279373,2
1429279673,2
1429279973,4
1429280273,3
1429280573,4
1429280873,3
1429281173,2
1429281473,7
1429281773,4
1429282073,5
1429282373,10
1429282673,7
1429282973,6
1429283273,6
1429283573,5
1429283873,34
1429284173,49
1429284473,31
1429284773,22
1429285073,16
1429285373,47
1429285673,27
1429285973,23
1429286273,21
1429286573,18
1429286873,12
1429287173,13
1429287473,12
1429287773,16
1429288073,15
1429288373,11
1429288673,13
1429288973,89
1429289273,187
1429289573,154
1429289873,25
1429290173,16
1429290473,8
1429290773,6
1429291073,9
1429291373,18
1429291673,6
1429291973,12
1429292273,12
1429292573,10
1429292873,7
1429293173,6
1429293473,6
1429293773,14
1429294073,10
1429294373,5
1429294673,11
1429294973,8
1429295273,11
1429295573,5
1429295873,8
1429296173,2
1429296473,8
1429296773,5
1429297073,6
1429297373,4
1429297673,3
1429297973,2
1429298273,6
1429298573,6
1429298873,2
1429299173,5
1429299473,9
1429299773,3
1429300073,0
1429300373,1
1429300673,4
1429300973,4
1429301273,5
1429301573,4
1429301873,8
1429302173,5
1429302473,4
1429302773,6
1429303073,5
1429303373,1
1429303673,7
1429303973,9
1429304273,5
1429304573,6
1429304873,3
1429305173,4
1429305473,3
1429305773,3
1429306073,8
1429306373,3
1429306673,3
1429306973,4
1429307273,4
1429307573,4
1429307873,3
1429308173,4
1429308473,4
1429308773,3
1429309073,6
1429309373,3
1429309673,5
1429309973,4
1429310273,4
1429310573,5
1429310873,2
1429311173,6
1429311473,8
1429311773,4
1429312073,2
1429312373,4
1429312673,6
1429312973,5
1429313273,13
1429313573,6
1429313873,8
1429314173,4
1429314473,1
1429314773,6
1429315073,15
1429315373,13
1429315673,7
1429315973,5
1429316273,6
1429316573,4
1429316873,4
1429317173,5
1429317473,0
1429317773,10
1429318073,4
1429318373,6
1429318673,11
1429318973,3
1429319273,6
1429319573,6
1429319873,2
1429320173,6
1429320473,6
1429320773,5
1429321073,3
1429321373,158
1429321673,207
1429321973,190
1429322273,181
1429322573,104
1429322873,8
1429323173,6
1429323473,4
1429323773,2
1429324073,3
1429324373,34
1429324673,207
1429324973,222
1429325273,172
1429325573,89
1429325873,3
1429326173,5
1429326473,7
1429326773,2
1429327073,2
1429327373,1
1429327673,0
1429327973,1
1429328273,1
1429328573,0
1429328873,1
1429329173,2
1429329473,0
1429329773,1
1429330073,0
1429330373,0
1429330673,0
1429330973,0
1429331273,1
1429331573,1
1429331873,0
1429332173,0
1429332473,0
1429332773,2
1429333073,1
1429333373,1
1429333673,2
1429333973,0
1429334273,0
1429334573,1
1429334873,0
1429335173,0
1429335473,0
1429335773,0
1429336073,2
1429336373,3
1429336673,1
1429336973,0
1429337273,0
1429337573,0
1429337873,1
1429338173,1
1429338473,0
1429338773,0
1429339073,0
1429339373,1
1429339673,1
1429339973,0
1429340273,0
1429340573,2
1429340873,1
1429341173,0
1429341473,0
1429341773,0
1429342073,0
1429342373,2
1429342673,0
1429342973,0
1429343273,2
1429343573,0
1429343873,0
1429344173,3
1429344473,0
1429344773,0
1429345073,0
1429345373,0
1429345673,0
1429345973,1
1429346273,0
1429346573,0
1429346873,1
1429347173,0
1429347473,2
1429347773,4
1429348073,2
1429348373,0
1429348673,0
1429348973,0
1429349273,0
1429349573,0
1429349873,3
1429350173,0
1429350473,0
1429350773,1
1429351073,0
1429351373,0
1429351673,1
1429351973,1
1429352273,1
1429352573,0
1429352873,1
1429353173,0
1429353473,0
1429353773,0
1429354073,1
1429354373,3
1429354673,3
1429354973,5
1429355273,0
1429355573,1
1429355873,1
1429356173,2
1429356473,4
1429356773,3
1429357073,2
1429357373,0
1429357673,0
1429357973,1
1429358273,1
1429358573,2
1429358873,2
1429359173,2
1429359473,1
1429359773,3
1429360073,0
1429360373,2
1429360673,4
1429360973,2
1429361273,1
1429361573,6
1429361873,2
1429362173,1
1429362473,2
1429362773,1
1429363073,1
1429363373,3
1429363673,2
1429363973,1
1429364273,0
1429364573,2
1429364873,1
1429365173,1
1429365473,1
1429365773,1
1429366073,2
1429366373,2
1429366673,1
1429366973,1
1429367273,4
1429367573,6
1429367873,2
1429368173,3
1429368473,0
1429368773,3
1429369073,3
1429369373,0
1429369673,5
1429369973,1
1429370273,2
1429370573,6
1429370873,4
1429371173,1
1429371473,0
1429371773,0
1429372073,0
1429372373,1
1429372673,0
1429372973,3
1429373273,11
1429373573,17
1429373873,10
1429374173,3
1429374473,3
1429374773,1
1429375073,0
1429375373,1
1429375673,0
1429375973,48
1429376273,199
1429376573,223
1429376873,209
1429377173,174
1429377473,109
1429377773,29
1429378073,4
1429378373,4
1429378673,2
1429378973,3
1429379273,3
1429379573,3
1429379873,2
1429380173,2
1429380473,0
1429380773,5
1429381073,1
1429381373,0
1429381673,0
1429381973,0
1429382273,1
1429382573,1
1429382873,2
1429383173,3
1429383473,0
1429383773,1
1429384073,2
1429384373,2
1429384673,4
1429384973,2
1429385273,0
1429385573,0
1429385873,1
1429386173,2
1429386473,2
1429386773,0
1429387073,2
1429387373,2
1429387673,1
1429387973,0
1429388273,1
1429388573,3
1429388873,3
1429389173,2
1429389473,1
1429389773,1
1429390073,1
1429390373,1
1429390673,3
1429390973,2
1429391273,1
1429391573,6
1429391873,9
1429392173,3
1429392473,3
1429392773,2
1429393073,8
1429393373,1
1429393673,0
1429393973,3
1429394273,5
1429394573,3
1429394873,4
1429395173,3
1429395473,4
1429395773,0
1429396073,2
1429396373,0
1429396673,2
1429396973,1
1429397273,4
1429397573,7
1429397873,2
1429398173,1
1429398473,2
1429398773,2
1429399073,0
1429399373,3
1429399673,2
1429399973,1
1429400273,1
1429400573,0
1429400873,2
1429401173,2
1429401473,0
1429401773,3
1429402073,0
1429402373,1
1429402673,1
1429402973,0
1429403273,4
1429403573,1
1429403873,1
1429404173,3
1429404473,1
1429404773,0
1429405073,3
1429405373,1
1429405673,4
1429405973,0
1429406273,1
1429406573,1
1429406873,1
1429407173,1
1429407473,1
1429407773,0
1429408073,0
1429408373,0
1429408673,0
1429408973,0
1429409273,0
1429409573,1
1429409873,0
1429410173,1
1429410473,2
1429410773,0
1429411073,1
1429411373,2
1429411673,0
1429411973,0
1429412273,1
1429412573,4
1429412873,0
1429413173,0
1429413473,2
1429413773,0
1429414073,0
1429414373,0
1429414673,1
1429414973,0
1429415273,0
1429415573,0
1429415873,0
1429416173,2
1429416473,0
1429416773,0
1429417073,0
1429417373,1
1429417673,2
1429417973,0
1429418273,0
1429418573,0
1429418873,0
1429419173,0
1429419473,0
1429419773,0
1429420073,1
1429420373,0
1429420673,0
1429420973,1
1429421273,0
1429421573,0
1429421873,1
1429422173,0
1429422473,0
1429422773,0
1429423073,2
1429423373,0
1429423673,0
1429423973,0
1429424273,0
1429424573,0
1429424873,0
1429425173,0
1429425473,0
1429425773,0
1429426073,0
1429426373,0
1429426673,0
1429426973,0
1429427273,1
1429427573,1
1429427873,1
1429428173,0
1429428473,0
1429428773,1
1429429073,0
1429429373,0
1429429673,0
1429429973,0
1429430273,0
1429430573,0
1429430873,0
1429431173,0
1429431473,2
1429431773,1
1429432073,0
1429432373,1
1429432673,0
1429432973,0
1429433273,0
1429433573,0
1429433873,0
1429434173,0
1429434473,0
1429434773,0
1429435073,0
1429435373,0
1429435673,0
1429435973,1
1429436273,0
1429436573,1
1429436873,1
1429437173,0
1429437473,0
1429437773,1
1429438073,1
1429438373,0
1429438673,0
1429438973,0
1429439273,0
1429439573,1
1429439873,0
1429440173,0
1429440473,1
1429440773,0
1429441073,1
1429441373,1
1429441673,1
1429441973,0
1429442273,0
1429442573,0
1429442873,0
1429443173,0
1429443473,0
1429443773,0
1429444073,0
1429444373,1
1429444673,2
1429444973,0
1429445273,1
1429445573,30
1429445873,40
1429446173,0
1429446473,0
1429446773,2
1429447073,5
1429447373,5
1429447673,1
1429447973,0
1429448273,2
1429448573,1
1429448873,1
1429449173,2
1429449473,0
1429449773,0
1429450073,0
1429450373,2
1429450673,3
1429450973,1
1429451273,0
1429451573,0
1429451873,0
1429452173,0
1429452473,1
1429452773,0
1429453073,0
1429453373,0
1429453673,0
1429453973,0
1429454273,0
1429454573,4
1429454873,0
1429455173,0
1429455473,1
1429455773,2
1429456073,0
1429456373,0
1429456673,0
1429456973,0
1429457273,0
1429457573,1
1429457873,0
1429458173,0
1429458473,0
1429458773,1
1429459073,2
1429459373,0
1429459673,1
1429459973,4
1429460273,5
1429460573,0
1429460873,0
1429461173,0
1429461473,2
1429461773,0
1429462073,1
1429462373,0
1429462673,0
1429462973,2
1429463273,0
1429463573,0
1429463873,0
1429464173,0
1429464473,1
1429464773,4
1429465073,1
1429465373,1
1429465673,1
1429465973,0
1429466273,0
1429466573,0
1429466873,0
1429467173,1
1429467473,2
1429467773,0
1429468073,1
1429468373,1
1429468673,1
1429468973,0
1429469273,1
1429469573,0
1429469873,0
1429470173,0
1429470473,0
1429470773,2
1429471073,0
1429471373,0
1429471673,3
1429471973,0
1429472273,2
1429472573,0
1429472873,0
1429473173,2
1429473473,1
1429473773,2
1429474073,0
1429474373,1
1429474673,0
1429474973,9
1429475273,7
1429475573,6
1429475873,13
1429476173,8
1429476473,11
1429476773,12
1429477073,12
1429477373,8
1429477673,4
1429477973,12
1429478273,3
1429478573,6
1429478873,11
1429479173,8
1429479473,4
1429479773,6
1429480073,9
1429480373,11
1429480673,6
1429480973,12
1429481273,3
1429481573,9
1429481873,5
1429482173,8
1429482473,14
1429482773,11
1429483073,7
1429483373,17
1429483673,7
1429483973,12
1429484273,5
1429484573,16
1429484873,9
1429485173,6
1429485473,5
1429485773,14
1429486073,12
1429486373,6
1429486673,10
1429486973,7
1429487273,5
1429487573,5
1429487873,1
1429488173,5
1429488473,6
1429488773,10
1429489073,6
1429489373,3
1429489673,5
1429489973,3
1429490273,5
1429490573,8
1429490873,8
1429491173,6
1429491473,7
1429491773,7
1429492073,9
1429492373,5
1429492673,4
1429492973,3
1429493273,5
1429493573,3
1429493873,4
1429494173,5
1429494473,11
1429494773,4
1429495073,1
1429495373,5
1429495673,2
1429495973,5
1429496273,4
1429496573,6
1429496873,4
1429497173,8
1429497473,8
1429497773,6
1429498073,4
1429498373,6
1429498673,3
1429498973,2
1429499273,7
1429499573,1
1429499873,0
1429500173,3
1429500473,2
1429500773,3
1429501073,0
1429501373,4
1429501673,3
1429501973,2
1429502273,1
1429502573,3
1429502873,0
1429503173,0
1429503473,0
1429503773,0
1429504073,0
1429504373,0
1429504673,0
1429504973,0
1429505273,1
1429505573,1
1429505873,0
1429506173,0
1429506473,0
1429506773,1
1429507073,0
1429507373,0
1429507673,0
1429507973,0
1429508273,0
1429508573,1
1429508873,0
1429509173,1
1429509473,0
1429509773,1
1429510073,1
1429510373,1
1429510673,3
1429510973,8
1429511273,7
1429511573,3
1429511873,1
1429512173,4
1429512473,0
1429512773,0
1429513073,1
1429513373,1
1429513673,0
1429513973,2
1429514273,0
1429514573,2
1429514873,1
1429515173,1
1429515473,2
1429515773,1
1429516073,1
1429516373,1
1429516673,1
1429516973,0
1429517273,1
1429517573,0
1429517873,2
1429518173,0
1429518473,0
1429518773,0
1429519073,2
1429519373,1
1429519673,0
1429519973,0
1429520273,0
1429520573,0
1429520873,0
1429521173,0
1429521473,0
1429521773,0
1429522073,0
1429522373,1
1429522673,0
1429522973,1
1429523273,1
1429523573,1
1429523873,1
1429524173,2
1429524473,3
1429524773,1
1429525073,1
1429525373,1
1429525673,0
1429525973,0
1429526273,0
1429526573,0
1429526873,1
1429527173,2
1429527473,1
1429527773,1
1429528073,1
1429528373,2
1429528673,3
1429528973,1
1429529273,0
1429529573,1
1429529873,4
1429530173,1
1429530473,1
1429530773,0
1429531073,4
1429531373,3
1429531673,2
1429531973,3
1429532273,0
1429532573,1
1429532873,1
1429533173,3
1429533473,1
1429533773,1
1429534073,2
1429534373,2
1429534673,0
1429534973,2
1429535273,2
1429535573,3
1429535873,3
1429536173,2
1429536473,6
1429536773,5
1429537073,5
1429537373,4
1429537673,3
1429537973,4
1429538273,2
1429538573,0
1429538873,0
1429539173,0
1429539473,0
1429539773,2
1429540073,4
1429540373,4
1429540673,1
1429540973,1
1429541273,2
1429541573,4
1429541873,1
1429542173,6
1429542473,5
1429542773,1
1429543073,2
1429543373,3
1429543673,0
1429543973,6
1429544273,2
1429544573,1
1429544873,4
1429545173,7
1429545473,8
1429545773,1
1429546073,4
1429546373,3
1429546673,3
1429546973,3
1429547273,8
1429547573,0
1429547873,1
1429548173,1
1429548473,4
1429548773,7
1429549073,2
1429549373,3
1429549673,3
1429549973,0
1429550273,4
1429550573,3
1429550873,2
1429551173,1
1429551473,4
1429551773,0
1429552073,2
1429552373,2
1429552673,5
1429552973,6
1429553273,2
1429553573,4
1429553873,5
1429554173,0
1429554473,2
1429554773,1
1429555073,3
1429555373,3
1429555673,1
1429555973,4
1429556273,5
1429556573,1
1429556873,1
1429557173,2
1429557473,2
1429557773,4
1429558073,1
1429558373,3
1429558673,0
1429558973,8
1429559273,1
1429559573,1
1429559873,2
1429560173,4
1429560473,4
1429560773,4
1429561073,2
1429561373,4
1429561673,0
1429561973,3
1429562273,3
1429562573,3
1429562873,2
1429563173,2
1429563473,3
1429563773,2
1429564073,1
1429564373,3
1429564673,2
1429564973,2
1429565273,4
1429565573,1
1429565873,2
1429566173,1
1429566473,0
1429566773,4
1429567073,6
1429567373,5
1429567673,3
1429567973,3
1429568273,1
1429568573,3
1429568873,1
1429569173,2
1429569473,3
1429569773,2
1429570073,1
1429570373,5
1429570673,1
1429570973,1
1429571273,3
1429571573,2
1429571873,0
1429572173,0
1429572473,2
1429572773,2
1429573073,3
1429573373,1
1429573673,1
1429573973,0
1429574273,0
1429574573,1
1429574873,3
1429575173,1
1429575473,0
1429575773,1
1429576073,2
1429576373,1
1429576673,1
1429576973,0
1429577273,0
1429577573,2
1429577873,0
1429578173,1
1429578473,2
1429578773,1
1429579073,0
1429579373,1
1429579673,0
1429579973,0
1429580273,3
1429580573,1
1429580873,0
1429581173,1
1429581473,3
1429581773,2
1429582073,6
1429582373,3
1429582673,1
1429582973,4
1429583273,1
1429583573,0
1429583873,0
1429584173,3
1429584473,0
1429584773,0
1429585073,1
1429585373,1
1429585673,0
1429585973,1
1429586273,1
1429586573,0
1429586873,2
1429587173,1
1429587473,1
1429587773,2
1429588073,2
1429588373,2
1429588673,2
1429588973,0
1429589273,0
1429589573,0
1429589873,0
1429590173,1
1429590473,0
1429590773,0
1429591073,1
1429591373,0
1429591673,0
1429591973,0
1429592273,0
1429592573,3
1429592873,1
1429593173,0
1429593473,0
1429593773,3
1429594073,1
1429594373,0
1429594673,1
1429594973,0
1429595273,0
1429595573,1
1429595873,0
1429596173,0
1429596473,0
1429596773,0
1429597073,1
1429597373,0
1429597673,1
1429597973,2
1429598273,0
1429598573,0
1429598873,1
1429599173,1
1429599473,5
1429599773,0
1429600073,0
1429600373,0
1429600673,0
1429600973,0
1429601273,0
1429601573,1
1429601873,0
1429602173,0
1429602473,0
1429602773,1
1429603073,3
1429603373,1
1429603673,3
1429603973,2
1429604273,0
1429604573,1
1429604873,0
1429605173,1
1429605473,4
1429605773,1
1429606073,3
1429606373,0
1429606673,0
1429606973,0
1429607273,1
1429607573,0
1429607873,2
1429608173,3
1429608473,1
1429608773,2
1429609073,0
1429609373,0
1429609673,0
1429609973,0
1429610273,2
1429610573,2
1429610873,1
1429611173,2
1429611473,0
1429611773,2
1429612073,2
1429612373,3
1429612673,0
1429612973,1
1429613273,1
1429613573,1
1429613873,2
1429614173,0
1429614473,1
1429614773,1
1429615073,2
1429615373,2
1429615673,3
1429615973,0
1429616273,1
1429616573,3
1429616873,3
1429617173,0
1429617473,4
1429617773,3
1429618073,2
1429618373,1
1429618673,4
1429618973,2
1429619273,5
1429619573,2
1429619873,3
1429620173,3
1429620473,1
1429620773,3
1429621073,3
1429621373,0
1429621673,2
1429621973,3
1429622273,2
1429622573,3
1429622873,5
1429623173,10
1429623473,3
1429623773,4
1429624073,2
1429624373,2
1429624673,0
1429624973,3
1429625273,4
1429625573,1
1429625873,0
1429626173,1
1429626473,0
1429626773,1
1429627073,1
1429627373,4
1429627673,4
1429627973,1
1429628273,1
1429628573,2
1429628873,3
1429629173,0
1429629473,3
1429629773,1
1429630073,3
1429630373,2
1429630673,0
1429630973,3
1429631273,0
1429631573,3
1429631873,1
1429632173,2
1429632473,2
1429632773,2
1429633073,3
1429633373,1
1429633673,6
1429633973,3
1429634273,5
1429634573,5
1429634873,3
1429635173,1
1429635473,3
1429635773,5
1429636073,1
1429636373,1
1429636673,1
1429636973,2
1429637273,5
1429637573,8
1429637873,6
1429638173,2
1429638473,6
1429638773,4
1429639073,7
1429639373,3
1429639673,7
1429639973,5
1429640273,7
1429640573,15
1429640873,3
1429641173,10
1429641473,6
1429641773,3
1429642073,1
1429642373,1
1429642673,6
1429642973,2
1429643273,3
1429643573,3
1429643873,5
1429644173,2
1429644473,1
1429644773,2
1429645073,4
1429645373,3
1429645673,6
1429645973,5
1429646273,7
1429646573,0
1429646873,0
1429647173,2
1429647473,3
1429647773,2
1429648073,1
1429648373,2
1429648673,2
1429648973,3
1429649273,3
1429649573,8
1429649873,3
1429650173,2
1429650473,0
1429650773,0
1429651073,0
1429651373,1
1429651673,0
1429651973,4
1429652273,1
1429652573,7
1429652873,2
1429653173,2
1429653473,0
1429653773,3
1429654073,0
1429654373,2
1429654673,2
1429654973,6
1429655273,0
1429655573,0
1429655873,2
1429656173,2
1429656473,2
1429656773,1
1429657073,3
1429657373,2
1429657673,3
1429657973,1
1429658273,0
1429658573,1
1429658873,4
1429659173,1
1429659473,0
1429659773,0
1429660073,1
1429660373,1
1429660673,3
1429660973,0
1429661273,1
1429661573,2
1429661873,1
1429662173,1
1429662473,1
1429662773,0
1429663073,2
1429663373,1
1429663673,0
1429663973,1
1429664273,0
1429664573,1
1429664873,2
1429665173,0
1429665473,0
1429665773,0
1429666073,6
1429666373,0
1429666673,1
1429666973,1
1429667273,1
1429667573,1
1429667873,0
1429668173,5
1429668473,1
1429668773,2
1429669073,0
1429669373,1
1429669673,3
1429669973,2
1429670273,0
1429670573,3
1429670873,0
1429671173,0
1429671473,0
1429671773,0
1429672073,1
1429672373,0
1429672673,0
1429672973,0
1429673273,0
1429673573,1
1429673873,1
1429674173,0
1429674473,1
1429674773,0
1429675073,0
1429675373,1
1429675673,0
1429675973,0
1429676273,0
1429676573,0
1429676873,0
1429677173,1
1429677473,2
1429677773,0
1429678073,0
1429678373,0
1429678673,1
1429678973,1
1429679273,1
1429679573,0
1429679873,0
1429680173,1
1429680473,0
1429680773,6
1429681073,1
1429681373,0
1429681673,1
1429681973,0
1429682273,0
1429682573,0
1429682873,0
1429683173,1
1429683473,0
1429683773,0
1429684073,0
1429684373,2
1429684673,3
1429684973,1
1429685273,0
1429685573,1
1429685873,0
1429686173,2
1429686473,1
1429686773,1
1429687073,2
1429687373,1
1429687673,2
1429687973,0
1429688273,1
1429688573,2
1429688873,0
1429689173,2
1429689473,2
1429689773,0
1429690073,3
1429690373,0
1429690673,0
1429690973,0
1429691273,0
1429691573,0
1429691873,0
1429692173,0
1429692473,1
1429692773,1
1429693073,4
1429693373,2
1429693673,0
1429693973,1
1429694273,1
1429694573,0
1429694873,1
1429695173,2
1429695473,1
1429695773,1
1429696073,0
1429696373,1
1429696673,0
1429696973,0
1429697273,2
1429697573,0
1429697873,1
1429698173,0
1429698473,3
1429698773,1
1429699073,4
1429699373,1
1429699673,1
1429699973,3
1429700273,4
1429700573,0
1429700873,2
1429701173,1
1429701473,3
1429701773,3
1429702073,2
1429702373,2
1429702673,2
1429702973,3
1429703273,1
1429703573,3
1429703873,2
1429704173,4
1429704473,1
1429704773,6
1429705073,5
1429705373,0
1429705673,2
1429705973,2
1429706273,1
1429706573,1
1429706873,4
1429707173,1
1429707473,1
1429707773,0
1429708073,5
1429708373,0
1429708673,3
1429708973,1
1429709273,2
1429709573,3
1429709873,4
1429710173,3
1429710473,4
1429710773,3
1429711073,5
1429711373,10
1429711673,5
1429711973,2
1429712273,2
1429712573,3
1429712873,2
1429713173,4
1429713473,4
1429713773,2
1429714073,4
1429714373,4
1429714673,9
1429714973,6
1429715273,0
1429715573,3
1429715873,2
1429716173,4
1429716473,5
1429716773,2
1429717073,1
1429717373,2
1429717673,4
1429717973,6
1429718273,0
1429718573,1
1429718873,2
1429719173,1
1429719473,5
1429719773,1
1429720073,3
1429720373,0
1429720673,3
1429720973,0
1429721273,5
1429721573,0
1429721873,3
1429722173,6
1429722473,7
1429722773,4
1429723073,3
1429723373,1
1429723673,3
1429723973,3
1429724273,1
1429724573,2
1429724873,3
1429725173,1
1429725473,5
1429725773,2
1429726073,3
1429726373,2
1429726673,5
1429726973,7
1429727273,5
1429727573,4
1429727873,3
1429728173,2
1429728473,4
1429728773,2
1429729073,1
1429729373,1
1429729673,0
1429729973,2
1429730273,0
1429730573,6
1429730873,4
1429731173,3
1429731473,3
1429731773,2
1429732073,1
1429732373,1
1429732673,3
1429732973,3
1429733273,0
1429733573,2
1429733873,0
1429734173,1
1429734473,2
1429734773,2
1429735073,2
1429735373,4
1429735673,7
1429735973,4
1429736273,2
1429736573,0
1429736873,4
1429737173,3
1429737473,2
1429737773,3
1429738073,3
1429738373,2
1429738673,2
1429738973,3
1429739273,3
